time	x	y	v
0.000	1007.6	642.4	552
3.333	1002.4	641.4	552
6.667	1001.9	637.5	552
10.000	1012.6	648.0	552
13.333	1014.1	649.4	387
16.667	1017.0	643.7	310
20.000	1007.4	647.4	494
23.333	1009.0	639.0	387
26.667	1015.9	646.6	533
30.000	1008.6	637.1	360
33.333	1014.9	642.2	28
36.667	1001.3	635.3	325
40.000	1011.5	640.2	47
43.333	1014.5	644.8	168
46.667	1003.2	644.3	81
50.000	1010.5	632.6	228
53.333	1007.0	639.9	244
56.667	1005.3	642.1	296
60.000	1009.9	640.4	559
63.333	1010.5	651.7	117
66.667	997.2	639.1	237
70.000	1009.0	646.1	111
73.333	1012.4	637.0	461
76.667	1010.5	642.5	169
80.000	1006.8	644.4	140
83.333	1016.3	642.6	314
86.667	999.4	637.7	155
90.000	1012.0	643.2	228
93.333	1014.7	648.4	486
96.667	1002.6	642.3	360
100.000	1004.0	642.9	239
103.333	1006.1	650.6	271
106.667	1008.8	645.7	374
110.000	1007.4	642.5	635
113.333	1003.2	642.3	320
116.667	1005.7	634.2	224
120.000	1008.0	635.4	353
123.333	1010.9	651.0	432
126.667	1007.0	649.0	361
130.000	1004.9	643.2	46
133.333	1006.1	645.0	370
136.667	1007.6	641.5	69
140.000	1009.3	642.2	66
143.333	1007.6	644.7	251
146.667	1005.7	647.5	147
150.000	1007.0	639.7	187
153.333	1003.0	638.2	95
156.667	1007.8	644.1	112
160.000	1005.7	649.4	91
163.333	1004.7	643.2	141
166.667	1003.4	639.5	300
170.000	1005.7	641.0	165
173.333	1002.2	646.8	158
176.667	1000.9	643.8	416
180.000	1006.5	642.0	183
183.333	1003.6	645.5	115
186.667	1008.8	649.8	187
190.000	1002.2	643.8	258
193.333	1003.2	641.7	418
196.667	1009.3	644.8	233
200.000	1011.6	648.8	141
203.333	1012.0	648.5	141
206.667	1006.7	643.9	309
210.000	1001.3	644.9	594
213.333	1014.3	641.7	613
216.667	1003.0	645.5	266
220.000	1001.1	639.5	182
223.333	999.9	639.8	329
226.667	1008.0	640.8	293
230.000	1003.6	642.6	177
233.333	1001.5	642.3	202
236.667	999.0	634.0	318
240.000	1007.4	638.6	136
243.333	996.1	641.6	149
246.667	1004.0	635.7	423
250.000	1001.5	640.4	416
253.333	1005.5	638.0	527
256.667	1007.4	644.4	465
260.000	1009.0	644.7	121
263.333	1003.8	644.3	375
266.667	1008.8	643.2	400
270.000	997.8	639.6	402
273.333	1000.3	641.2	330
276.667	1004.2	642.5	121
280.000	1005.3	635.7	439
283.333	1004.9	638.2	477
286.667	1001.1	642.5	401
290.000	1009.5	645.7	284
293.333	1006.3	649.2	271
296.667	1000.5	643.4	300
300.000	1006.5	638.8	240
303.333	1007.0	633.4	195
306.667	1005.3	645.2	474
310.000	1004.7	645.0	172
313.333	1008.2	641.7	231
316.667	1013.4	644.0	121
320.000	1003.8	637.6	175
323.333	1003.0	645.6	301
326.667	1009.0	642.5	241
330.000	1002.2	643.6	216
333.333	1004.5	641.1	266
336.667	1006.3	639.4	280
340.000	1009.0	645.5	395
343.333	1009.9	645.7	359
346.667	1009.5	644.5	264
350.000	1009.3	643.0	387
353.333	1007.0	649.1	590
356.667	1003.6	645.0	607
360.000	1002.0	643.2	394
363.333	1000.7	637.2	343
366.667	999.4	643.6	188
370.000	1005.7	641.8	272
373.333	1003.8	640.8	23
376.667	1005.7	642.0	155
380.000	1005.7	640.4	174
383.333	995.9	638.8	235
386.667	1008.0	641.7	295
390.000	1008.6	637.4	174
393.333	1006.7	648.1	424
396.667	1004.7	645.6	333
400.000	1004.0	637.7	400
403.333	1004.9	650.9	206
406.667	1004.9	644.3	203
410.000	1000.1	646.2	265
413.333	1008.2	639.3	337
416.667	997.2	646.8	12
420.000	999.9	643.9	95
423.333	1000.7	644.9	248
426.667	1007.0	643.4	208
430.000	999.0	646.9	242
433.333	997.8	642.9	369
436.667	1001.7	640.8	467
440.000	1007.4	641.2	546
443.333	1006.7	639.4	428
446.667	1003.8	635.4	444
450.000	1009.3	646.7	559
453.333	1007.2	640.7	481
456.667	1005.3	651.8	654
460.000	998.4	646.2	731
463.333	1002.2	642.2	679
466.667	994.6	647.9	224
470.000	997.4	652.9	55
473.333	999.9	655.3	70
476.667	999.2	643.9	258
480.000	999.0	644.2	359
483.333	999.7	649.5	402
486.667	999.4	648.5	460
490.000	1003.2	645.8	397
493.333	1007.8	659.1	336
496.667	1001.7	645.8	31
500.000	1007.2	643.0	270
503.333	1001.5	645.0	569
506.667	1000.1	655.2	336
510.000	1000.1	647.2	281
513.333	994.2	649.3	199
516.667	1004.7	649.4	630
520.000	1009.3	650.5	211
523.333	999.4	650.2	112
526.667	1011.5	641.4	270
530.000	996.7	650.3	281
533.333	996.5	649.2	116
536.667	1005.9	651.5	260
540.000	1001.3	647.9	279
543.333	1003.8	649.0	111
546.667	1004.0	650.7	177
550.000	1000.9	648.3	175
553.333	1002.2	649.4	305
556.667	1000.7	650.9	72
560.000	1008.2	643.7	205
563.333	1007.2	645.6	359
566.667	999.7	653.4	478
570.000	997.4	653.1	549
573.333	998.6	651.8	54
576.667	998.6	652.1	345
580.000	1001.3	650.9	297
583.333	1004.2	647.8	170
586.667	1000.5	648.4	171
590.000	997.2	648.0	185
593.333	1004.4	652.8	340
596.667	1004.2	651.2	595
600.000	998.6	652.8	594
603.333	1005.5	633.5	392
606.667	997.2	639.6	345
610.000	1007.8	645.3	487
613.333	1008.4	650.5	761
616.667	1004.5	656.3	371
620.000	1004.0	646.5	263
623.333	1006.8	648.4	484
626.667	1002.0	650.1	402
630.000	1003.2	649.5	469
633.333	1011.1	638.8	333
636.667	1003.8	648.9	313
640.000	1003.2	635.4	108
643.333	1003.6	648.3	281
646.667	1010.1	644.1	198
650.000	1006.5	644.0	241
653.333	1006.7	647.9	113
656.667	1006.7	642.3	398
660.000	1009.7	639.3	326
663.333	1002.0	649.1	527
666.667	1001.3	649.7	572
670.000	1001.9	643.4	346
673.333	996.5	646.2	182
676.667	999.0	646.1	520
680.000	1002.6	642.7	577
683.333	1001.3	658.5	325
686.667	1000.3	657.0	59
690.000	999.2	649.9	110
693.333	1000.9	648.2	402
696.667	1002.6	644.9	226
700.000	1002.6	651.5	137
703.333	1005.3	653.3	251
706.667	999.0	647.5	342
710.000	997.6	651.5	221
713.333	997.6	644.7	201
716.667	1009.3	660.6	337
720.000	1004.5	653.0	564
723.333	1002.0	642.1	300
726.667	1003.0	646.1	1050
730.000	1007.0	642.7	150
733.333	1000.5	649.6	752
736.667	1006.8	630.2	740
740.000	1006.8	660.0	398
743.333	1000.9	660.3	295
746.667	1000.3	653.4	429
750.000	1011.6	642.3	401
753.333	1000.7	652.9	478
756.667	1006.7	654.3	102
760.000	1007.6	652.6	163
763.333	1003.0	642.9	548
766.667	1003.8	656.2	542
770.000	1005.9	645.0	81
773.333	1004.0	640.9	294
776.667	1010.7	644.8	259
780.000	1002.0	654.0	336
783.333	993.4	644.0	114
786.667	1009.7	645.0	411
790.000	1002.4	651.5	251
793.333	1004.5	642.1	275
796.667	999.0	639.6	122
800.000	1007.4	655.3	215
803.333	1004.2	638.2	506
806.667	1004.0	648.3	667
810.000	1006.3	652.0	219
813.333	1003.2	651.7	514
816.667	1005.9	657.6	158
820.000	1001.5	645.8	279
823.333	1003.2	653.7	444
826.667	1009.9	652.8	506
830.000	1008.8	646.4	211
833.333	1005.9	645.2	478
836.667	1007.8	646.3	533
840.000	1006.1	655.0	220
843.333	1009.3	637.7	150
846.667	1008.0	638.7	282
850.000	1004.7	647.0	543
853.333	1007.4	654.8	987
856.667	1001.7	648.9	963
860.000	1001.3	655.8	298
863.333	1006.7	655.3	405
866.667	1003.0	662.3	326
870.000	999.2	646.2	896
873.333	1012.8	642.6	3293
876.667	1001.1	651.7	6514
880.000	974.0	667.7	10288
883.333	924.5	667.9	13394
886.667	864.2	660.9	15186
890.000	805.1	658.0	14599
893.333	763.4	642.7	12760
896.667	710.4	633.5	10554
900.000	701.8	625.3	9296
903.333	679.1	603.8	8658
906.667	658.8	594.4	8212
910.000	621.9	580.6	8024
913.333	596.7	566.0	6352
916.667	570.8	566.9	4343
920.000	563.3	565.5	2340
923.333	572.4	564.9	1011
926.667	573.9	564.9	925
930.000	572.7	547.0	954
933.333	573.1	554.3	779
936.667	572.9	553.0	469
940.000	580.4	552.9	455
943.333	571.2	547.0	590
946.667	582.9	555.2	749
950.000	580.6	551.4	211
953.333	582.5	544.4	119
956.667	591.0	551.3	793
960.000	570.2	547.7	841
963.333	574.1	549.1	1054
966.667	567.6	549.3	886
970.000	570.2	552.0	396
973.333	564.5	542.1	622
976.667	572.7	539.5	423
980.000	566.6	545.5	239
983.333	567.2	537.6	344
986.667	572.5	545.1	386
990.000	567.9	543.2	394
993.333	572.2	531.1	369
996.667	564.1	536.1	359
1000.000	568.1	538.9	546
1003.333	560.8	548.6	827
1006.667	567.7	541.4	566
1010.000	576.4	548.6	583
1013.333	577.9	543.7	515
1016.667	568.5	540.0	133
1020.000	573.1	531.8	198
1023.333	575.0	552.7	293
1026.667	573.5	540.1	229
1030.000	571.0	547.0	534
1033.333	585.2	535.4	771
1036.667	567.9	543.1	751
1040.000	560.6	549.7	630
1043.333	562.9	537.4	830
1046.667	563.7	542.3	135
1050.000	568.1	539.0	243
1053.333	558.3	542.7	191
1056.667	564.7	544.4	231
1060.000	563.7	537.7	231
1063.333	568.9	542.2	465
1066.667	565.4	535.9	256
1070.000	565.1	537.8	251
1073.333	564.9	535.2	320
1076.667	573.1	546.7	388
1080.000	568.9	535.2	264
1083.333	566.4	549.3	351
1086.667	562.9	540.3	270
1090.000	566.8	541.6	247
1093.333	561.2	541.6	246
1096.667	570.6	541.2	535
1100.000	567.2	547.9	695
1103.333	554.7	543.8	412
1106.667	558.1	549.4	393
1110.000	559.1	551.1	316
1113.333	561.0	541.3	460
1116.667	561.0	543.0	293
1120.000	565.6	541.9	81
1123.333	563.3	550.4	229
1126.667	560.6	543.7	352
1130.000	560.4	545.4	534
1133.333	556.2	541.1	693
1136.667	558.9	539.6	387
1140.000	553.5	548.1	271
1143.333	549.7	538.9	265
1146.667	559.1	538.4	350
1150.000	555.5	541.6	634
1153.333	564.9	541.9	402
1156.667	560.3	543.9	178
1160.000	564.3	544.5	192
1163.333	552.8	543.6	442
1166.667	560.4	541.7	261
1170.000	555.3	543.9	482
1173.333	557.4	549.4	640
1176.667	558.7	546.7	387
1180.000	565.6	554.3	259
1183.333	559.9	550.4	218
1186.667	561.4	545.7	230
1190.000	560.1	543.3	294
1193.333	556.2	547.9	197
1196.667	558.9	549.4	101
1200.000	562.2	547.1	131
1203.333	555.5	543.0	229
1206.667	559.7	547.6	300
1210.000	559.1	541.6	197
1213.333	556.4	545.8	210
1216.667	557.2	542.5	517
1220.000	562.2	541.9	1118
1223.333	555.8	540.1	2699
1226.667	545.3	543.2	4549
1230.000	532.2	545.3	6500
1233.333	498.0	520.1	7392
1236.667	482.7	489.1	8088
1240.000	462.3	465.8	6563
1243.333	465.4	447.4	4441
1246.667	437.6	435.9	2701
1250.000	450.8	455.9	2447
1253.333	435.5	449.3	2833
1256.667	431.6	457.3	2849
1260.000	410.1	444.7	3634
1263.333	402.6	451.7	3391
1266.667	390.5	426.7	3077
1270.000	389.4	422.1	2078
1273.333	382.1	420.7	1205
1276.667	394.8	408.6	501
1280.000	399.0	413.7	896
1283.333	401.1	427.8	655
1286.667	391.9	430.2	396
1290.000	405.7	421.7	614
1293.333	396.3	413.4	1615
1296.667	396.3	423.0	1453
1300.000	388.6	407.7	770
1303.333	385.0	396.9	676
1306.667	388.6	407.9	314
1310.000	394.6	421.0	976
1313.333	393.4	394.1	859
1316.667	397.2	417.6	583
1320.000	402.8	417.1	479
1323.333	390.1	413.6	646
1326.667	394.4	422.3	454
1330.000	391.9	417.7	418
1333.333	391.3	410.5	356
1336.667	393.6	411.5	445
1340.000	394.8	411.4	333
1343.333	391.5	412.1	427
1346.667	388.6	412.8	288
1350.000	393.0	405.8	181
1353.333	382.3	407.2	469
1356.667	406.5	409.0	644
1360.000	389.6	410.4	844
1363.333	400.3	416.9	550
1366.667	397.6	415.9	475
1370.000	404.0	415.3	295
1373.333	395.7	410.3	784
1376.667	386.7	412.7	744
1380.000	390.1	415.7	1054
1383.333	388.6	408.3	611
1386.667	387.3	413.1	414
1390.000	376.9	407.9	80
1393.333	385.9	406.4	254
1396.667	386.5	408.1	424
1400.000	392.3	415.6	606
1403.333	389.2	410.1	260
1406.667	388.6	402.4	340
1410.000	393.0	411.2	163
1413.333	389.8	412.9	160
1416.667	397.4	410.2	285
1420.000	391.3	413.2	622
1423.333	390.5	401.3	561
1426.667	382.7	414.2	370
1430.000	385.3	400.7	265
1433.333	399.0	401.5	615
1436.667	397.4	407.2	532
1440.000	389.0	410.7	581
1443.333	393.0	417.3	615
1446.667	393.6	410.6	220
1450.000	390.0	409.3	426
1453.333	389.0	413.7	257
1456.667	394.6	413.4	710
1460.000	397.2	423.0	462
1463.333	390.7	415.5	321
1466.667	394.0	425.2	90
1470.000	391.5	414.9	569
1473.333	396.1	421.2	465
1476.667	394.4	412.1	785
1480.000	391.5	409.1	297
1483.333	393.8	412.9	103
1486.667	394.0	406.2	140
1490.000	401.7	428.1	358
1493.333	390.9	408.3	515
1496.667	392.3	411.9	703
1500.000	403.4	403.8	959
1503.333	399.0	406.2	235
1506.667	392.1	400.5	382
1510.000	392.4	406.1	608
1513.333	401.9	413.0	388
1516.667	390.0	395.3	342
1520.000	387.5	403.9	405
1523.333	391.3	410.8	480
1526.667	388.4	405.6	112
1530.000	391.3	413.9	443
1533.333	387.8	392.4	414
1536.667	388.4	405.2	263
1540.000	400.9	404.2	27
1543.333	393.0	405.5	312
1546.667	390.1	411.0	394
1550.000	389.0	401.7	199
1553.333	391.1	402.2	380
1556.667	388.2	417.1	393
1560.000	399.9	404.4	562
1563.333	394.6	413.7	297
1566.667	387.6	413.7	398
1570.000	389.2	412.6	214
1573.333	396.3	393.0	388
1576.667	390.1	412.9	229
1580.000	394.0	414.7	167
1583.333	383.8	402.6	294
1586.667	387.6	407.5	243
1590.000	391.9	406.5	230
1593.333	394.4	408.3	606
1596.667	394.8	415.3	188
1600.000	391.1	403.4	358
1603.333	393.4	416.2	205
1606.667	393.0	405.1	225
1610.000	389.2	418.7	319
1613.333	399.6	411.5	428
1616.667	397.2	410.9	441
1620.000	393.8	411.4	304
1623.333	395.9	402.6	174
1626.667	394.8	402.8	108
1630.000	390.1	418.2	358
1633.333	398.6	408.9	447
1636.667	392.6	406.9	184
1640.000	384.4	410.7	482
1643.333	393.8	412.3	202
1646.667	393.2	401.9	327
1650.000	393.8	406.1	190
1653.333	398.8	407.5	297
1656.667	393.2	411.5	214
1660.000	388.8	408.8	732
1663.333	391.7	413.5	699
1666.667	391.7	394.2	273
1670.000	393.6	392.1	69
1673.333	389.6	405.0	39
1676.667	385.5	415.7	480
1680.000	391.5	404.1	204
1683.333	395.7	399.2	328
1686.667	393.4	404.2	205
1690.000	393.2	401.2	366
1693.333	391.7	408.1	625
1696.667	386.3	406.0	533
1700.000	388.4	403.9	645
1703.333	382.1	395.2	251
1706.667	386.7	416.2	638
1710.000	386.7	416.0	401
1713.333	388.8	404.5	356
1716.667	390.7	417.5	231
1720.000	384.8	405.1	368
1723.333	392.6	405.2	345
1726.667	387.5	416.9	295
1730.000	380.2	402.6	194
1733.333	384.4	412.3	360
1736.667	387.8	408.0	67
1740.000	383.0	403.8	211
1743.333	384.8	404.6	298
1746.667	383.2	417.1	148
1750.000	382.5	407.2	255
1753.333	390.1	399.5	55
1756.667	388.4	409.3	357
1760.000	384.6	411.4	247
1763.333	381.7	406.0	613
1766.667	379.0	405.0	342
1770.000	390.1	412.0	155
1773.333	383.0	417.2	323
1776.667	382.5	413.2	424
1780.000	387.3	404.1	934
1783.333	388.6	408.1	1017
1786.667	389.2	404.0	724
1790.000	391.1	394.3	312
1793.333	381.9	398.6	514
1796.667	380.9	399.4	547
1800.000	389.8	403.5	482
1803.333	376.9	400.6	563
1806.667	379.0	398.4	494
1810.000	390.5	408.6	258
1813.333	382.5	411.4	414
1816.667	383.0	406.7	319
1820.000	383.8	403.1	242
1823.333	386.1	406.3	496
1826.667	385.2	411.9	235
1830.000	390.1	401.2	435
1833.333	389.4	402.5	356
1836.667	383.2	413.9	305
1840.000	394.0	410.6	127
1843.333	390.0	411.2	244
1846.667	393.2	403.3	392
1850.000	385.0	405.5	621
1853.333	387.6	418.1	357
1856.667	387.3	422.8	233
1860.000	381.9	409.1	90
1863.333	390.0	410.3	311
1866.667	386.3	407.8	311
1870.000	382.8	414.7	345
1873.333	384.8	415.3	313
1876.667	395.1	411.0	431
1880.000	387.3	412.9	274
1883.333	380.9	416.9	278
1886.667	390.1	420.1	486
1890.000	389.0	416.4	418
1893.333	390.0	417.6	534
1896.667	390.7	423.1	267
1900.000	393.8	409.1	394
1903.333	393.8	417.1	1066
1906.667	379.8	416.7	2754
1910.000	386.7	409.9	1910
1913.333	388.8	391.9	846
1916.667	367.7	356.3	8145
1920.000	383.8	403.7	13671
1923.333	402.8	469.4	NaN
1926.667	438.1	617.3	NaN
1930.000	463.9	629.4	NaN
1933.333	NaN	NaN	NaN
1936.667	NaN	NaN	NaN
1940.000	NaN	NaN	NaN
1943.333	NaN	NaN	NaN
1946.667	NaN	NaN	NaN
1950.000	NaN	NaN	NaN
1953.333	NaN	NaN	NaN
1956.667	NaN	NaN	NaN
1960.000	NaN	NaN	NaN
1963.333	NaN	NaN	NaN
1966.667	NaN	NaN	NaN
1970.000	NaN	NaN	NaN
1973.333	NaN	NaN	NaN
1976.667	NaN	NaN	NaN
1980.000	NaN	NaN	NaN
1983.333	NaN	NaN	NaN
1986.667	NaN	NaN	NaN
1990.000	NaN	NaN	NaN
1993.333	NaN	NaN	NaN
1996.667	NaN	NaN	NaN
2000.000	NaN	NaN	NaN
2003.333	NaN	NaN	NaN
2006.667	NaN	NaN	NaN
2010.000	NaN	NaN	NaN
2013.333	NaN	NaN	NaN
2016.667	NaN	NaN	NaN
2020.000	NaN	NaN	NaN
2023.333	NaN	NaN	NaN
2026.667	NaN	NaN	NaN
2030.000	NaN	NaN	NaN
2033.333	1429.6	967.5	NaN
2036.667	NaN	NaN	NaN
2040.000	NaN	NaN	NaN
2043.333	NaN	NaN	NaN
2046.667	NaN	NaN	NaN
2050.000	1330.8	791.5	NaN
2053.333	1321.5	763.6	NaN
2056.667	1307.7	742.5	NaN
2060.000	1320.0	755.0	3031
2063.333	1315.4	737.0	2006
2066.667	1300.6	741.5	1697
2070.000	1281.8	735.6	1051
2073.333	1303.9	726.0	656
2076.667	1293.7	723.7	1701
2080.000	1314.6	742.3	2242
2083.333	1322.3	743.1	1844
2086.667	1320.8	746.1	1856
2090.000	1325.8	741.6	1192
2093.333	1323.5	750.7	1265
2096.667	1311.4	770.8	1296
2100.000	1306.8	756.5	1418
2103.333	1312.7	757.8	824
2106.667	1306.8	762.0	175
2110.000	1301.6	765.4	70
2113.333	1306.6	762.9	467
2116.667	1310.0	762.4	826
2120.000	1309.4	755.2	860
2123.333	1315.8	751.0	322
2126.667	1310.2	752.5	121
2130.000	1313.9	755.1	260
2133.333	1306.6	759.0	387
2136.667	1309.2	756.8	303
2140.000	1306.9	750.0	220
2143.333	1308.5	757.1	165
2146.667	1309.2	762.6	60
2150.000	1318.7	755.2	310
2153.333	1304.6	755.5	219
2156.667	1306.6	755.4	327
2160.000	1307.7	762.9	152
2163.333	1314.2	750.1	57
2166.667	1316.0	754.6	401
2170.000	1304.6	754.9	429
2173.333	1304.8	759.1	100
2176.667	1321.2	748.1	143
2180.000	1313.5	751.1	193
2183.333	1308.5	757.1	238
2186.667	1306.2	756.8	220
2190.000	1313.9	752.3	410
2193.333	1311.9	747.0	850
2196.667	1315.6	747.6	710
2200.000	1313.7	750.0	231
2203.333	1318.7	742.0	92
2206.667	1317.3	746.4	158
2210.000	1315.4	750.9	337
2213.333	1309.1	748.2	420
2216.667	1315.6	748.3	158
2220.000	1310.2	751.6	266
2223.333	1312.3	746.4	306
2226.667	1314.0	748.4	347
2230.000	1306.6	756.4	439
2233.333	1308.9	752.0	477
2236.667	1321.5	755.0	367
2240.000	1319.4	743.6	448
2243.333	1317.5	744.6	107
2246.667	1314.6	758.5	17
2250.000	1314.6	746.5	273
2253.333	1314.6	749.4	273
2256.667	1325.4	750.9	435
2260.000	1315.0	750.8	435
2263.333	1320.6	743.3	511
2266.667	1311.7	746.7	753
2270.000	1306.4	757.5	354
2273.333	1312.9	750.0	293
2276.667	1308.1	745.8	474
2280.000	1312.3	750.9	687
2283.333	1311.0	747.3	486
2286.667	1317.7	741.4	645
2290.000	1319.4	750.1	467
2293.333	1318.5	747.8	289
2296.667	1319.6	739.0	708
2300.000	1315.4	742.9	2085
2303.333	1320.8	746.5	4533
2306.667	1302.3	761.1	7674
2310.000	1265.1	743.3	10599
2313.333	1218.6	750.5	13702
2316.667	1164.1	726.1	14790
2320.000	1123.0	702.8	14003
2323.333	1065.2	670.1	12135
2326.667	1048.9	634.6	9755
2330.000	1038.3	613.9	7199
2333.333	1034.5	609.6	5307
2336.667	1011.3	598.8	5636
2340.000	1001.3	604.6	7037
2343.333	973.6	596.5	8247
2346.667	937.9	589.0	8298
2350.000	904.7	568.4	7750
2353.333	885.9	546.3	5620
2356.667	881.7	528.8	2637
2360.000	882.2	526.0	1355
2363.333	893.2	529.7	2924
2366.667	912.4	547.1	2906
2370.000	923.7	555.9	1846
2373.333	931.0	557.9	153
2376.667	915.1	547.6	1425
2380.000	907.8	544.4	2066
2383.333	903.2	536.9	1839
2386.667	905.7	530.1	1283
2390.000	903.6	528.6	850
2393.333	900.3	533.6	568
2396.667	908.9	519.2	583
2400.000	913.3	529.7	835
2403.333	913.9	540.0	749
2406.667	911.8	528.9	586
2410.000	915.8	539.1	344
2413.333	910.5	539.0	238
2416.667	910.7	531.5	527
2420.000	905.9	535.6	262
2423.333	912.4	536.5	81
2426.667	899.5	534.7	214
2430.000	914.5	539.2	288
2433.333	909.3	536.5	343
2436.667	912.6	534.4	416
2440.000	911.2	534.6	21
2443.333	914.9	533.7	168
2446.667	911.2	541.9	252
2450.000	912.2	535.2	147
2453.333	905.5	536.8	193
2456.667	909.5	531.9	347
2460.000	912.2	537.2	525
2463.333	919.9	541.7	409
2466.667	914.1	534.1	96
2470.000	918.9	537.3	410
2473.333	910.5	538.7	537
2476.667	908.2	531.4	461
2480.000	911.8	534.0	376
2483.333	911.0	534.6	351
2486.667	908.9	527.1	91
2490.000	910.7	535.7	227
2493.333	907.8	527.4	80
2496.667	909.5	533.0	249
2500.000	913.3	527.9	199
2503.333	908.0	532.5	327
2506.667	908.2	536.8	59
2510.000	906.2	533.6	485
2513.333	913.2	534.1	858
2516.667	909.9	526.7	918
2520.000	909.1	517.6	507
2523.333	911.8	521.5	224
2526.667	906.6	521.7	362
2530.000	909.3	527.8	239
2533.333	908.5	528.1	425
2536.667	906.2	527.8	147
2540.000	909.1	504.6	531
2543.333	905.9	520.9	174
2546.667	904.5	532.4	222
2550.000	904.1	512.8	328
2553.333	907.2	525.5	209
2556.667	910.7	522.9	336
2560.000	911.0	513.8	254
2563.333	905.7	528.4	666
2566.667	904.3	515.7	635
2570.000	915.1	514.6	360
2573.333	905.1	509.8	221
2576.667	906.2	511.2	847
2580.000	908.4	516.2	1270
2583.333	909.1	523.2	1304
2586.667	910.8	534.0	805
2590.000	904.9	533.6	419
2593.333	908.4	529.3	219
2596.667	905.5	523.9	793
2600.000	907.4	529.6	589
2603.333	907.0	523.9	796
2606.667	902.4	516.8	747
2610.000	902.0	524.8	1062
2613.333	905.5	509.2	848
2616.667	906.4	514.1	421
2620.000	904.1	505.8	473
2623.333	910.3	509.1	526
2626.667	908.9	522.3	572
2630.000	913.0	520.1	533
2633.333	897.6	515.9	272
2636.667	909.9	521.4	565
2640.000	917.6	513.3	581
2643.333	905.1	506.2	480
2646.667	904.9	515.1	750
2650.000	906.8	507.9	646
2653.333	903.0	509.4	190
2656.667	901.8	507.7	167
2660.000	900.3	514.8	85
2663.333	904.3	504.3	260
2666.667	907.0	520.9	427
2670.000	905.1	503.4	339
2673.333	906.6	510.9	85
2676.667	895.3	497.4	247
2680.000	908.0	512.2	457
2683.333	904.3	512.4	335
2686.667	903.2	521.1	963
2690.000	904.3	505.9	343
2693.333	903.7	512.7	627
2696.667	908.4	527.5	618
2700.000	906.2	515.6	499
2703.333	915.6	521.6	831
2706.667	913.9	511.6	776
2710.000	910.3	511.8	452
2713.333	911.0	501.1	599
2716.667	902.4	516.7	570
2720.000	902.0	523.4	397
2723.333	911.0	501.3	353
2726.667	903.4	499.2	997
2730.000	905.7	507.9	405
2733.333	908.4	504.0	829
2736.667	910.3	498.1	721
2740.000	905.9	512.4	451
2743.333	909.9	521.5	122
2746.667	911.2	507.5	161
2750.000	911.2	509.8	613
2753.333	908.4	500.8	676
2756.667	909.9	505.0	2373
2760.000	906.6	506.5	4859
2763.333	893.2	518.0	7915
2766.667	856.5	530.4	10577
2770.000	807.2	531.1	12259
2773.333	754.8	535.6	12849
2776.667	713.3	522.1	11789
2780.000	679.1	502.0	9984
2783.333	650.1	464.8	8416
2786.667	643.2	456.5	7625
2790.000	625.7	462.1	7247
2793.333	600.4	456.3	7278
2796.667	554.9	462.2	7632
2800.000	536.1	458.2	6819
2803.333	519.0	452.8	4481
2806.667	501.7	422.5	2592
2810.000	505.0	413.0	1248
2813.333	519.0	441.7	1049
2816.667	524.0	421.0	1205
2820.000	529.9	434.4	548
2823.333	526.5	442.2	1369
2826.667	520.3	413.5	1154
2830.000	517.6	415.6	1385
2833.333	514.2	411.5	769
2836.667	519.2	414.2	341
2840.000	521.9	413.3	281
2843.333	519.0	419.6	254
2846.667	512.4	419.9	180
2850.000	520.3	416.8	71
2853.333	520.5	414.4	439
2856.667	521.5	419.7	332
2860.000	518.6	417.0	491
2863.333	526.1	413.3	699
2866.667	519.6	422.1	251
2870.000	512.6	427.5	296
2873.333	516.3	426.9	154
2876.667	522.8	414.6	240
2880.000	521.1	423.7	313
2883.333	520.7	421.2	166
2886.667	519.7	425.2	554
2890.000	516.9	418.6	159
2893.333	524.7	420.6	75
2896.667	532.4	431.0	251
2900.000	514.0	423.0	597
2903.333	519.9	420.8	574
2906.667	514.0	425.7	315
2910.000	511.5	426.7	489
2913.333	521.1	425.6	539
2916.667	521.7	431.6	498
2920.000	520.7	427.1	346
2923.333	524.7	429.2	156
2926.667	520.3	427.4	271
2930.000	519.0	419.1	425
2933.333	527.0	431.1	295
2936.667	523.8	425.1	503
2940.000	527.2	418.2	282
2943.333	525.5	427.4	141
2946.667	531.5	424.3	150
2950.000	523.2	427.0	507
2953.333	523.8	424.0	326
2956.667	522.4	422.8	257
2960.000	516.1	420.4	220
2963.333	525.9	432.2	601
2966.667	524.9	425.3	685
2970.000	526.1	427.9	240
2973.333	526.5	435.9	753
2976.667	518.8	435.0	489
2980.000	516.1	421.2	654
2983.333	515.7	418.2	643
2986.667	520.7	432.3	283
2990.000	513.0	426.3	193
2993.333	515.9	422.7	221
2996.667	514.8	424.1	646
3000.000	513.0	417.6	449
3003.333	517.2	422.5	340
3006.667	514.2	417.0	466
3010.000	521.5	419.3	397
3013.333	521.5	424.4	85
3016.667	521.7	424.7	219
3020.000	519.9	414.9	426
3023.333	515.9	421.4	429
3026.667	516.7	425.3	26
3030.000	513.4	418.3	124
3033.333	514.8	424.4	71
3036.667	526.3	418.6	141
3040.000	510.0	416.0	258
3043.333	516.3	425.3	153
3046.667	519.7	420.7	215
3050.000	513.2	426.6	511
3053.333	524.9	417.2	392
3056.667	513.4	422.8	554
3060.000	511.1	434.7	252
3063.333	510.0	419.3	285
3066.667	509.4	418.0	533
3070.000	518.0	423.3	1671
3073.333	520.9	413.7	3373
3076.667	493.8	422.5	4078
3080.000	471.4	411.0	4964
3083.333	444.1	390.1	4692
3086.667	448.5	433.4	4631
3090.000	430.1	398.3	4762
3093.333	428.9	388.9	5490
3096.667	403.8	359.5	6732
3100.000	398.0	343.5	5878
3103.333	381.1	328.5	5826
3106.667	362.9	329.7	5634
3110.000	346.9	324.4	5938
3113.333	328.7	314.9	5167
3116.667	310.5	290.8	4517
3120.000	294.5	284.8	3014
3123.333	304.3	281.7	1484
3126.667	295.1	277.9	413
3130.000	306.6	284.4	842
3133.333	305.1	283.4	590
3136.667	311.6	281.7	730
3140.000	312.2	287.2	424
3143.333	309.5	278.4	162
3146.667	313.5	280.2	549
3150.000	314.9	287.7	651
3153.333	304.3	277.0	767
3156.667	300.3	276.8	848
3160.000	305.5	276.8	797
3163.333	295.9	284.3	210
3166.667	299.5	280.6	209
3170.000	295.3	288.0	204
3173.333	305.7	273.5	442
3176.667	298.6	284.0	595
3180.000	307.0	275.9	377
3183.333	302.8	284.1	246
3186.667	311.6	288.3	225
3190.000	301.6	277.7	529
3193.333	302.4	281.2	118
3196.667	299.5	289.2	303
3200.000	297.8	282.7	57
3203.333	309.1	283.2	285
3206.667	299.9	279.5	430
3210.000	299.3	282.4	346
3213.333	301.2	278.0	646
3216.667	298.0	279.5	234
3220.000	297.0	278.2	397
3223.333	295.1	273.3	86
3226.667	300.9	279.0	208
3230.000	294.5	273.0	554
3233.333	302.6	279.4	691
3236.667	299.3	283.1	497
3240.000	299.1	287.9	449
3243.333	299.3	285.0	64
3246.667	297.2	283.5	168
3250.000	307.8	279.7	301
3253.333	299.3	282.1	233
3256.667	296.1	283.5	87
3260.000	300.3	280.0	207
3263.333	299.7	279.0	58
3266.667	299.7	285.6	181
3270.000	305.7	285.3	182
3273.333	293.8	277.3	106
3276.667	301.2	278.3	150
3280.000	299.3	277.9	290
3283.333	304.7	286.0	283
3286.667	298.6	280.3	265
3290.000	303.7	272.2	318
3293.333	300.9	278.4	387
3296.667	303.7	275.0	218
3300.000	294.5	277.1	299
3303.333	298.8	278.7	309
3306.667	297.2	276.7	232
3310.000	298.8	274.1	272
3313.333	294.9	274.4	360
3316.667	301.8	271.3	522
3320.000	301.6	281.7	431
3323.333	305.3	280.3	259
3326.667	306.2	274.6	205
3330.000	302.0	277.0	500
3333.333	298.8	278.9	635
3336.667	300.1	278.5	383
3340.000	295.9	271.2	19
3343.333	296.6	270.8	432
3346.667	299.3	278.1	387
3350.000	302.2	279.9	451
3353.333	309.1	279.3	536
3356.667	300.9	273.8	208
3360.000	300.1	278.3	110
3363.333	297.2	289.3	120
3366.667	300.7	276.3	307
3370.000	307.0	279.5	451
3373.333	303.2	272.8	503
3376.667	304.9	282.7	134
3380.000	302.2	272.4	198
3383.333	303.6	276.7	299
3386.667	303.6	274.1	240
3390.000	302.0	277.3	348
3393.333	303.2	266.7	350
3396.667	300.3	280.4	26
3400.000	297.6	264.1	203
3403.333	305.9	271.7	711
3406.667	302.4	279.4	550
3410.000	305.7	275.6	642
3413.333	309.1	283.8	132
3416.667	305.5	277.2	162
3420.000	301.8	277.9	463
3423.333	303.7	275.4	403
3426.667	305.1	276.6	124
3430.000	294.9	277.8	530
3433.333	304.3	277.5	293
3436.667	310.5	275.7	439
3440.000	313.2	282.9	581
3443.333	300.3	266.2	294
3446.667	311.4	277.9	280
3450.000	307.4	269.0	350
3453.333	298.0	281.8	229
3456.667	309.9	272.9	609
3460.000	305.9	267.6	232
3463.333	296.1	272.2	284
3466.667	301.6	268.6	247
3470.000	315.1	282.7	226
3473.333	304.7	273.8	370
3476.667	305.3	272.9	214
3480.000	305.7	264.5	460
3483.333	308.2	278.0	372
3486.667	300.9	270.5	657
3490.000	302.4	282.1	578
3493.333	300.1	273.9	422
3496.667	294.3	277.2	607
3500.000	298.9	271.7	713
3503.333	307.2	266.7	467
3506.667	310.7	267.5	639
3510.000	297.0	268.5	478
3513.333	303.7	270.0	599
3516.667	312.8	269.9	343
3520.000	308.7	278.5	614
3523.333	305.5	277.3	1197
3526.667	307.0	268.8	2994
3530.000	313.5	276.8	6880
3533.333	338.9	281.1	12106
3536.667	381.7	284.6	17067
3540.000	461.2	277.8	21450
3543.333	556.2	285.3	24029
3546.667	634.0	225.3	24833
3550.000	722.1	242.2	23277
3553.333	796.6	238.1	21048
3556.667	869.8	232.5	18902
3560.000	918.9	240.6	17294
3563.333	969.8	226.0	16618
3566.667	1014.0	184.5	16225
3570.000	1072.5	180.1	16699
3573.333	1138.4	199.0	18543
3576.667	1193.7	257.0	22698
3580.000	1238.6	312.1	NaN
3583.333	1293.7	377.1	NaN
3586.667	1401.4	434.6	NaN
3590.000	NaN	NaN	NaN
3593.333	NaN	NaN	NaN
3596.667	NaN	NaN	NaN
3600.000	NaN	NaN	NaN
3603.333	NaN	NaN	NaN
3606.667	NaN	NaN	NaN
3610.000	1589.8	773.1	NaN
3613.333	NaN	NaN	NaN
3616.667	NaN	NaN	NaN
3620.000	1961.9	766.6	NaN
3623.333	1720.3	858.3	NaN
3626.667	1850.5	808.9	NaN
3630.000	NaN	NaN	NaN
3633.333	1676.7	794.1	NaN
3636.667	1670.2	774.4	NaN
3640.000	1741.8	832.6	NaN
3643.333	1581.5	789.7	NaN
3646.667	1570.0	749.4	NaN
3650.000	1560.6	684.6	NaN
3653.333	NaN	NaN	NaN
3656.667	NaN	NaN	NaN
3660.000	1447.1	553.2	NaN
3663.333	1420.6	518.8	NaN
3666.667	1395.6	449.7	NaN
3670.000	1375.3	425.6	11789
3673.333	1363.6	378.8	8899
3676.667	1366.8	345.4	5597
3680.000	1384.7	342.3	2758
3683.333	1379.3	345.2	182
3686.667	1372.2	341.9	794
3690.000	1368.4	364.5	1383
3693.333	1367.4	360.5	943
3696.667	1364.7	344.4	749
3700.000	1371.3	371.7	167
3703.333	1369.7	359.0	183
3706.667	1369.9	365.1	470
3710.000	1367.0	351.8	980
3713.333	1371.1	354.7	501
3716.667	1375.9	347.7	552
3720.000	1366.3	352.3	656
3723.333	1359.9	356.4	822
3726.667	1360.7	355.5	425
3730.000	1360.5	356.3	553
3733.333	1358.4	341.5	625
3736.667	1368.8	349.7	328
3740.000	1362.6	344.3	227
3743.333	1360.1	347.1	162
3746.667	1366.8	353.6	509
3750.000	1357.6	342.0	330
3753.333	1360.5	340.3	404
3756.667	1362.6	340.6	654
3760.000	1360.1	343.2	302
3763.333	1353.0	346.8	570
3766.667	1350.9	342.6	299
3770.000	1358.8	342.6	252
3773.333	1355.9	353.7	606
3776.667	1361.9	344.2	282
3780.000	1360.1	343.3	272
3783.333	1363.2	338.4	252
3786.667	1353.0	342.9	277
3790.000	1367.0	346.7	337
3793.333	1362.6	351.5	165
3796.667	1364.2	342.8	324
3800.000	1364.9	331.6	441
3803.333	1353.0	351.2	162
3806.667	1366.8	337.9	174
3810.000	1364.2	339.8	367
3813.333	1358.4	347.9	297
3816.667	1368.0	340.1	880
3820.000	1363.2	345.7	483
3823.333	1356.9	354.8	512
3826.667	1348.6	345.6	324
3830.000	1359.7	339.8	403
3833.333	1357.8	336.5	283
3836.667	1367.2	341.7	1022
3840.000	1355.7	345.2	1166
3843.333	1354.8	361.6	910
3846.667	1353.0	360.0	462
3850.000	1354.0	351.3	805
3853.333	1353.6	349.8	1187
3856.667	1354.8	339.4	270
3860.000	1357.8	338.4	551
3863.333	1350.5	343.0	982
3866.667	1350.9	361.5	923
3870.000	1346.1	355.4	912
3873.333	1353.2	360.8	577
3876.667	1352.8	348.3	189
3880.000	1356.1	363.4	291
3883.333	1347.8	361.8	239
3886.667	1353.8	353.3	693
3890.000	1356.3	354.3	484
3893.333	1344.4	361.6	722
3896.667	1340.2	364.4	439
3900.000	1349.4	357.4	609
3903.333	1358.6	333.4	1433
3906.667	1350.1	355.0	809
3910.000	1355.3	352.4	132
3913.333	1361.5	335.2	835
3916.667	1350.1	354.2	378
3920.000	1350.7	354.1	1111
3923.333	1352.4	358.2	912
3926.667	1349.6	354.9	292
3930.000	1348.0	369.4	293
3933.333	1353.8	351.6	137
3936.667	1351.1	361.2	241
3940.000	1344.4	360.3	511
3943.333	1351.7	360.2	127
3946.667	1346.7	351.5	58
3950.000	1348.2	354.5	179
3953.333	1355.5	355.1	134
3956.667	1343.4	365.4	166
3960.000	1351.3	359.1	413
3963.333	1352.1	347.8	339
3966.667	1349.4	358.1	210
3970.000	1339.8	366.8	396
3973.333	1354.2	364.1	511
3976.667	1343.2	361.8	222
3980.000	1357.2	360.0	433
3983.333	1346.5	364.1	178
3986.667	1349.6	357.4	429
3990.000	1349.0	359.1	389
3993.333	1347.6	364.9	580
3996.667	1359.2	351.8	307
4000.000	1357.6	356.7	607
4003.333	1348.4	352.4	204
4006.667	1352.6	357.2	204
4010.000	1363.2	351.3	204
4013.333	1346.1	371.4	204
