time	x	y	v
0.000	929.1	623.4	2507
3.333	917.8	584.1	2507
6.667	916.0	576.0	2507
10.000	916.0	567.9	2507
13.333	920.6	575.1	1446
16.667	915.1	557.1	1208
20.000	920.3	564.2	576
23.333	921.2	550.9	253
26.667	916.4	553.5	904
30.000	922.2	567.2	839
33.333	925.1	571.8	1015
36.667	921.4	572.9	793
40.000	925.4	568.2	450
43.333	916.0	570.8	585
46.667	927.7	575.9	821
50.000	923.9	579.1	1334
53.333	929.1	582.1	1391
56.667	924.3	585.1	1181
60.000	933.1	595.7	1084
63.333	932.4	593.9	753
66.667	934.8	595.4	489
70.000	934.8	596.2	127
73.333	930.2	596.6	125
76.667	928.3	598.8	272
80.000	933.7	590.5	514
83.333	936.6	592.6	687
86.667	928.9	592.2	581
90.000	927.0	586.3	254
93.333	924.5	584.6	313
96.667	930.8	588.1	365
100.000	931.2	595.0	431
103.333	932.5	580.5	375
106.667	934.1	590.3	169
110.000	930.0	593.9	330
113.333	929.9	592.4	123
116.667	930.6	590.2	519
120.000	930.4	578.1	318
123.333	931.2	588.5	279
126.667	933.9	582.6	536
130.000	928.3	591.2	410
133.333	930.0	581.6	16
136.667	948.5	588.1	386
140.000	932.4	582.6	202
143.333	926.0	589.6	549
146.667	938.3	594.8	601
150.000	927.9	587.7	364
153.333	934.7	593.2	260
156.667	933.3	595.0	170
160.000	932.5	590.1	42
163.333	924.1	583.2	242
166.667	937.7	595.2	158
170.000	928.3	591.5	162
173.333	931.2	588.3	231
176.667	937.7	593.5	52
180.000	930.4	587.1	143
183.333	927.7	594.9	126
186.667	936.8	593.1	329
190.000	932.0	585.9	284
193.333	934.3	587.6	423
196.667	929.3	586.9	588
200.000	932.4	585.7	316
203.333	929.3	586.5	302
206.667	928.1	578.8	136
210.000	926.8	588.7	58
213.333	931.2	581.6	165
216.667	933.7	592.1	397
220.000	927.2	579.7	272
223.333	932.4	586.8	586
226.667	924.1	592.9	269
230.000	933.1	591.3	385
233.333	938.1	595.1	314
236.667	931.2	587.0	610
240.000	927.7	590.0	449
243.333	935.0	581.5	458
246.667	929.5	582.4	234
250.000	929.3	590.3	397
253.333	929.9	584.3	526
256.667	931.0	595.1	116
260.000	920.3	587.5	122
263.333	928.9	588.0	396
266.667	931.4	586.2	610
270.000	927.4	594.9	269
273.333	916.4	582.9	233
276.667	921.2	581.9	175
280.000	929.1	584.4	259
283.333	927.4	588.4	417
286.667	925.1	585.0	89
290.000	921.8	583.5	292
293.333	928.1	588.8	213
296.667	925.2	582.9	403
300.000	924.7	579.1	1128
303.333	930.6	587.4	2533
306.667	932.5	582.9	5040
310.000	951.7	591.3	7463
313.333	985.2	597.2	8546
316.667	1028.9	611.6	8288
320.000	1065.4	619.9	6154
323.333	1075.0	617.3	3067
326.667	1074.2	618.5	296
330.000	1061.8	625.3	1627
333.333	1050.8	618.8	1393
336.667	1043.7	618.8	888
340.000	1043.7	613.8	659
343.333	1059.3	612.4	1325
346.667	1055.8	612.8	1611
350.000	1066.9	616.2	1424
353.333	1072.5	620.7	671
356.667	1071.4	621.3	244
360.000	1071.7	620.2	675
363.333	1067.1	611.8	669
366.667	1060.6	621.9	371
370.000	1055.4	616.2	278
373.333	1066.6	618.8	108
376.667	1067.3	618.9	416
380.000	1063.5	610.4	462
383.333	1062.5	621.6	169
386.667	1069.6	618.8	199
390.000	1066.8	623.6	502
393.333	1066.0	618.1	485
396.667	1066.8	618.8	221
400.000	1071.7	624.7	302
403.333	1076.2	620.7	287
406.667	1062.9	625.3	138
410.000	1074.2	622.0	97
413.333	1069.2	622.9	111
416.667	1070.8	623.5	217
420.000	1070.2	623.9	195
423.333	1069.8	623.4	364
426.667	1071.7	621.4	168
430.000	1076.0	628.2	239
433.333	1076.5	621.6	360
436.667	1069.1	620.8	595
440.000	1066.2	618.7	483
443.333	1065.2	624.1	320
446.667	1063.9	625.1	125
450.000	1070.8	623.1	317
453.333	1066.4	619.8	266
456.667	1071.0	620.5	97
460.000	1069.8	617.7	346
463.333	1069.4	629.2	152
466.667	1066.6	621.0	183
470.000	1060.8	616.5	276
473.333	1070.6	624.3	270
476.667	1079.0	620.5	397
480.000	1069.6	618.3	212
483.333	1067.7	624.2	414
486.667	1067.3	629.1	340
490.000	1070.4	617.5	112
493.333	1064.3	622.5	310
496.667	1071.2	620.7	191
500.000	1066.4	625.8	422
503.333	1077.7	624.7	374
506.667	1066.8	626.5	569
510.000	1078.7	618.6	447
513.333	1061.4	635.0	433
516.667	1068.3	633.2	414
520.000	1065.4	627.8	210
523.333	1068.9	621.8	618
526.667	1059.1	627.5	657
530.000	1075.0	631.7	669
533.333	1062.9	617.3	457
536.667	1067.1	616.5	436
540.000	1060.2	614.5	163
543.333	1072.9	621.4	137
546.667	1071.6	626.3	226
550.000	1066.2	629.0	374
553.333	1061.6	608.9	474
556.667	1062.3	621.1	112
560.000	1061.8	628.1	400
563.333	1066.0	622.1	325
566.667	1068.9	626.6	433
570.000	1072.5	617.7	546
573.333	1062.1	614.5	415
576.667	1072.5	626.9	71
580.000	1072.9	618.3	1019
583.333	1073.9	617.1	1901
586.667	1065.0	623.6	3178
590.000	1043.9	632.7	3797
593.333	1034.7	641.8	3619
596.667	1014.5	638.4	2572
600.000	1011.5	638.2	1023
603.333	1013.2	642.9	183
606.667	1016.3	639.8	624
610.000	1025.9	640.7	564
613.333	1031.0	638.4	271
616.667	1016.6	639.7	375
620.000	1020.5	634.2	621
623.333	1015.5	638.8	555
626.667	1016.3	637.2	302
630.000	1017.0	638.7	495
633.333	1015.3	634.5	622
636.667	1022.6	630.6	619
640.000	1021.1	626.0	772
643.333	1019.5	631.9	604
646.667	1026.0	630.7	367
650.000	1028.2	624.1	392
653.333	1026.4	628.2	349
656.667	1020.1	642.4	616
660.000	1017.0	631.5	471
663.333	1022.6	634.6	327
666.667	1018.2	634.9	52
670.000	1020.9	630.7	72
673.333	1016.3	639.0	82
676.667	1022.8	638.5	196
680.000	1019.7	627.0	301
683.333	1018.6	636.3	607
686.667	1022.6	630.6	296
690.000	1022.0	628.6	222
693.333	1020.1	626.1	152
696.667	1016.8	633.7	342
700.000	1015.3	632.9	655
703.333	1020.5	632.4	501
706.667	1018.6	634.1	165
710.000	1011.5	641.2	74
713.333	1011.6	631.8	196
716.667	1027.0	633.5	70
720.000	1015.5	632.3	307
723.333	1019.5	641.8	270
726.667	1013.4	635.0	462
730.000	1021.2	631.8	347
733.333	1018.6	640.1	713
736.667	1014.9	642.5	460
740.000	1014.9	619.6	671
743.333	1021.4	626.4	849
746.667	1021.2	632.9	431
750.000	1023.9	622.2	917
753.333	1026.0	627.9	400
756.667	1018.8	632.6	449
760.000	1018.9	645.4	234
763.333	1022.4	626.8	311
766.667	1013.6	632.4	393
770.000	1025.9	626.2	182
773.333	1027.8	628.0	374
776.667	1023.2	640.1	341
780.000	1018.8	635.5	423
783.333	1017.6	631.6	322
786.667	1028.4	634.9	133
790.000	1022.2	636.6	354
793.333	1024.3	640.5	277
796.667	1022.0	635.6	141
800.000	1017.4	642.0	125
803.333	1021.8	635.3	67
806.667	1027.8	638.4	111
810.000	1018.4	641.6	263
813.333	1025.1	636.7	500
816.667	1019.7	640.0	234
820.000	1023.6	646.6	184
823.333	1022.0	645.7	426
826.667	1019.5	635.9	247
830.000	1023.2	634.8	150
833.333	1019.5	631.3	255
836.667	1025.1	646.8	504
840.000	1016.8	647.2	486
843.333	1019.9	641.4	1058
846.667	1020.5	641.7	1202
850.000	1022.4	614.6	1413
853.333	1023.0	621.8	660
856.667	1015.1	635.7	249
860.000	1019.9	613.8	831
863.333	1029.7	633.7	784
866.667	1022.8	626.9	307
870.000	1030.5	634.3	466
873.333	1025.5	638.5	376
876.667	1020.7	619.7	581
880.000	1026.0	633.7	780
883.333	1027.2	645.2	618
886.667	1022.2	639.1	517
890.000	1018.9	646.7	217
893.333	1016.1	633.9	1241
896.667	1025.7	634.6	1219
900.000	1022.4	643.4	925
903.333	1018.9	608.3	188
906.667	1020.7	623.7	478
910.000	1021.2	633.6	1015
913.333	1025.1	643.0	1934
916.667	1015.3	639.0	1382
920.000	1019.1	647.7	1016
923.333	1017.4	650.5	978
926.667	1016.3	653.0	638
930.000	1011.6	651.1	251
933.333	1016.3	661.1	186
936.667	1019.1	649.7	245
940.000	1021.1	652.6	716
943.333	1016.4	654.5	1506
946.667	1013.4	646.2	1220
950.000	1014.9	637.2	1924
953.333	1019.3	624.8	1609
956.667	1019.9	636.1	867
960.000	1016.8	612.1	387
963.333	1005.1	628.0	1205
966.667	1009.2	632.1	1208
970.000	1016.1	640.8	1299
973.333	1014.7	651.2	974
976.667	1024.1	642.8	589
980.000	1016.3	633.9	621
983.333	1022.6	643.5	693
986.667	1019.3	646.6	581
990.000	1017.2	624.7	240
993.333	1018.2	637.5	421
996.667	1022.6	628.7	312
1000.000	1018.8	639.6	487
1003.333	1009.3	641.2	418
1006.667	1016.6	640.8	586
1010.000	1013.8	630.6	297
1013.333	1018.9	647.5	699
1016.667	1011.5	642.5	501
1020.000	1014.5	627.5	248
1023.333	1012.2	624.3	320
1026.667	1017.2	636.1	477
1030.000	1019.3	638.1	475
1033.333	1015.5	638.0	334
1036.667	1014.3	644.5	54
1040.000	1018.6	627.4	328
1043.333	1014.7	638.3	215
1046.667	1018.8	641.1	200
1050.000	1009.9	630.7	400
1053.333	1013.6	647.2	56
1056.667	1016.3	639.3	54
1060.000	1009.9	632.9	346
1063.333	1017.6	642.4	917
1066.667	1014.9	639.8	947
1070.000	1015.9	626.7	432
1073.333	1014.7	624.9	579
1076.667	1013.2	620.4	241
1080.000	1017.8	640.0	499
1083.333	1017.8	626.4	589
1086.667	1018.2	630.0	762
1090.000	1019.9	634.7	301
1093.333	1018.6	634.9	486
1096.667	1017.6	644.0	460
1100.000	1023.2	634.3	492
1103.333	1021.1	634.4	70
1106.667	1029.5	634.7	393
1110.000	1014.9	653.0	306
1113.333	1017.2	630.7	338
1116.667	1021.6	628.1	628
1120.000	1019.9	633.3	692
1123.333	1021.1	634.0	336
1126.667	1023.0	627.0	13
1130.000	1021.1	634.3	65
1133.333	1025.3	634.5	139
1136.667	1018.2	626.8	383
1140.000	1023.0	634.9	247
1143.333	1018.4	628.9	563
1146.667	1020.1	641.1	587
1150.000	1018.2	624.8	820
1153.333	1012.0	623.6	173
1156.667	1016.8	619.7	180
1160.000	1018.2	622.8	745
1163.333	1015.7	639.7	1056
1166.667	1017.8	636.7	908
1170.000	1017.2	632.4	324
1173.333	1018.4	642.7	294
1176.667	1019.9	636.9	295
1180.000	1018.8	632.1	94
1183.333	1022.6	637.7	357
1186.667	1021.4	631.2	242
1190.000	1015.9	637.4	69
1193.333	1020.9	631.6	760
1196.667	1013.6	639.7	176
1200.000	1024.5	632.8	328
1203.333	1012.2	614.1	308
1206.667	1021.4	641.0	133
1210.000	1022.8	632.1	375
1213.333	1018.9	642.9	278
1216.667	1017.6	628.5	883
1220.000	1011.6	628.3	227
1223.333	1015.7	630.9	96
1226.667	1014.3	623.2	755
1230.000	1026.2	637.4	521
1233.333	1015.1	639.7	344
1236.667	1017.0	641.6	71
1240.000	1020.1	628.8	176
1243.333	1024.5	630.5	211
1246.667	1014.9	633.3	252
1250.000	1019.1	642.6	769
1253.333	1020.3	633.1	617
1256.667	1019.7	642.5	233
1260.000	1020.3	644.8	219
1263.333	1010.7	639.3	370
1266.667	1019.5	638.8	255
1270.000	1017.0	643.7	218
1273.333	1013.4	641.5	249
1276.667	1014.3	644.2	355
1280.000	1015.3	645.5	992
1283.333	1017.4	641.7	605
1286.667	1007.6	639.7	391
1290.000	1012.2	615.8	285
1293.333	1017.8	643.6	265
1296.667	1017.0	642.3	428
1300.000	1016.3	636.0	285
1303.333	1018.2	634.1	636
1306.667	1017.0	633.4	241
1310.000	1009.0	617.1	231
1313.333	1013.6	643.8	17
1316.667	1016.8	637.2	421
1320.000	1014.3	636.4	297
1323.333	1016.8	625.5	210
1326.667	1017.6	641.8	233
1330.000	1010.3	630.6	369
1333.333	1014.3	640.3	400
1336.667	1023.9	627.6	68
1340.000	1021.4	639.6	568
1343.333	1014.7	639.5	628
1346.667	1010.3	635.5	710
1350.000	1007.2	645.2	351
1353.333	1010.3	635.0	627
1356.667	1011.8	630.4	432
1360.000	1017.0	636.9	297
1363.333	1018.4	626.5	382
1366.667	1009.0	636.8	605
1370.000	1012.4	638.7	404
1373.333	1012.4	641.4	393
1376.667	1023.9	640.8	553
1380.000	1012.2	638.4	391
1383.333	1017.6	635.8	637
1386.667	1022.8	639.9	587
1390.000	1016.6	633.2	280
1393.333	1018.2	626.6	238
1396.667	1012.4	633.0	245
1400.000	1014.1	636.6	261
1403.333	1017.4	637.3	529
1406.667	1019.1	640.0	325
1410.000	1008.0	627.9	550
1413.333	1003.0	629.1	104
1416.667	1015.7	634.1	154
1420.000	1016.4	625.8	576
1423.333	1014.3	642.5	431
1426.667	1005.7	630.7	604
1430.000	1012.4	641.0	861
1433.333	1009.5	636.2	373
1436.667	1016.4	645.8	717
1440.000	1021.1	647.5	393
1443.333	1014.0	632.8	171
1446.667	1021.4	641.0	322
1450.000	1016.8	646.3	955
1453.333	1011.3	633.2	2781
1456.667	1032.0	650.2	5070
1460.000	1038.7	624.7	8398
1463.333	1080.8	619.3	10761
1466.667	1112.1	594.0	12285
1470.000	1159.3	551.4	12306
1473.333	1180.0	522.8	12032
1476.667	1189.2	478.0	8992
1480.000	1197.1	455.5	5617
1483.333	1200.4	411.4	3028
1486.667	1195.4	455.4	2363
1490.000	1213.8	457.8	3089
1493.333	1232.1	471.0	3250
1496.667	1234.9	455.0	2786
1500.000	1254.9	445.3	2072
1503.333	1249.2	452.3	1223
1506.667	1250.9	465.3	1320
1510.000	1259.3	477.1	853
1513.333	1250.9	467.2	552
1516.667	1260.3	463.9	571
1520.000	1251.1	463.2	820
1523.333	1261.1	446.1	305
1526.667	1256.3	470.8	402
1530.000	1258.4	455.3	658
1533.333	1255.7	462.5	720
1536.667	1258.2	473.8	441
1540.000	1261.1	466.5	427
1543.333	1258.9	465.3	999
1546.667	1252.6	449.2	1155
1550.000	1252.6	456.1	498
1553.333	1251.1	451.0	335
1556.667	1262.0	451.5	675
1560.000	1258.2	459.5	402
1563.333	1259.9	466.8	287
1566.667	1256.1	457.3	459
1570.000	1261.4	451.9	545
1573.333	1261.1	452.3	412
1576.667	1265.9	448.5	455
1580.000	1253.2	456.4	812
1583.333	1249.3	461.9	1192
1586.667	1256.6	459.1	523
1590.000	1249.9	458.4	529
1593.333	1261.1	480.7	863
1596.667	1262.0	449.7	796
1600.000	1259.7	458.1	418
1603.333	1258.9	443.7	912
1606.667	1260.7	453.6	915
1610.000	1252.4	465.5	998
1613.333	1261.1	444.0	736
1616.667	1247.6	475.6	245
1620.000	1255.3	468.7	556
1623.333	1255.3	451.3	164
1626.667	1253.4	456.9	909
1630.000	1254.0	447.7	188
1633.333	1256.8	461.5	610
1636.667	1262.4	457.9	197
1640.000	1255.1	461.5	373
1643.333	1254.1	463.6	335
1646.667	1257.0	441.1	912
1650.000	1255.3	470.9	830
1653.333	1254.5	467.9	420
1656.667	1254.0	478.3	568
1660.000	1251.5	468.2	297
1663.333	1254.7	455.7	267
1666.667	1250.7	467.0	313
1670.000	1249.2	475.3	493
1673.333	1250.9	474.6	639
1676.667	1259.1	476.8	214
1680.000	1248.6	466.9	361
1683.333	1261.6	473.0	126
1686.667	1249.2	473.9	293
1690.000	1257.4	469.0	232
1693.333	1254.1	474.2	32
1696.667	1249.7	479.0	434
1700.000	1257.0	469.7	217
1703.333	1259.9	472.8	776
1706.667	1259.9	471.0	523
1710.000	1255.7	469.4	223
1713.333	1256.4	457.2	225
1716.667	1256.6	473.0	466
1720.000	1257.0	468.1	448
1723.333	1255.5	477.1	763
1726.667	1246.5	467.7	502
1730.000	1257.6	473.9	419
1733.333	1254.5	480.0	430
1736.667	1256.8	481.8	586
1740.000	1261.8	470.9	410
1743.333	1257.6	478.1	677
1746.667	1262.2	469.5	584
1750.000	1252.4	469.4	371
1753.333	1257.8	467.6	248
1756.667	1260.1	468.7	290
1760.000	1259.3	466.5	455
1763.333	1259.7	473.1	440
1766.667	1261.6	475.0	592
1770.000	1263.0	468.6	576
1773.333	1254.7	478.5	455
1776.667	1247.8	473.8	423
1780.000	1259.3	479.5	343
1783.333	1252.8	472.6	648
1786.667	1254.0	469.5	857
1790.000	1261.4	464.4	252
1793.333	1263.0	475.3	408
1796.667	1262.0	461.2	327
1800.000	1257.8	483.4	299
1803.333	1262.4	461.5	337
1806.667	1254.5	478.9	43
1810.000	1264.5	470.9	298
1813.333	1258.0	460.8	396
1816.667	1260.3	472.1	283
1820.000	1251.3	476.1	336
1823.333	1261.8	474.6	346
1826.667	1254.7	463.4	440
1830.000	1257.2	473.7	512
1833.333	1262.8	474.0	335
1836.667	1253.2	460.1	445
1840.000	1266.8	472.3	780
1843.333	1262.0	465.4	221
1846.667	1263.9	471.1	916
1850.000	1270.5	456.5	2911
1853.333	1255.1	470.6	5001
1856.667	1232.3	476.1	7214
1860.000	1199.8	453.6	8413
1863.333	1162.0	474.7	7480
1866.667	1131.5	487.9	5847
1870.000	1117.1	481.2	4016
1873.333	1127.0	503.9	1999
1876.667	1121.9	493.8	1124
1880.000	1120.9	499.8	435
1883.333	1131.6	513.4	702
1886.667	1115.7	501.9	652
1890.000	1128.2	487.7	836
1893.333	1128.4	485.8	958
1896.667	1122.6	491.9	604
1900.000	1113.2	495.3	771
1903.333	1113.4	496.0	395
1906.667	1113.4	500.7	286
1910.000	1118.6	484.3	684
1913.333	1119.0	486.6	552
1916.667	1122.4	494.5	199
1920.000	1121.7	487.3	617
1923.333	1120.3	491.2	532
1926.667	1113.8	501.6	629
1930.000	1117.8	494.0	501
1933.333	1118.6	497.7	146
1936.667	1120.5	505.7	416
1940.000	1120.1	494.5	653
1943.333	1119.7	492.0	537
1946.667	1119.9	493.7	1091
1950.000	1119.7	481.0	490
1953.333	1121.1	497.8	395
1956.667	1124.7	473.6	473
1960.000	1118.0	490.3	1131
1963.333	1129.2	489.3	418
1966.667	1118.6	504.8	626
1970.000	1122.2	506.2	104
1973.333	1127.0	483.4	674
1976.667	1120.3	492.0	810
1980.000	1119.7	492.7	502
1983.333	1118.6	483.9	54
1986.667	1121.5	491.4	315
1990.000	1124.0	488.2	230
1993.333	1125.1	485.1	363
1996.667	1121.9	502.6	378
2000.000	1123.2	484.4	338
2003.333	1126.3	476.0	126
2006.667	1121.1	488.1	285
2010.000	1122.6	484.9	199
2013.333	1124.0	492.0	242
2016.667	1129.3	488.8	341
2020.000	1125.7	471.6	753
2023.333	1128.4	484.3	402
2026.667	1123.8	503.2	538
2030.000	1118.4	502.0	205
2033.333	1127.0	484.3	139
2036.667	1132.6	491.2	834
2040.000	1124.7	479.0	1678
2043.333	1125.5	500.5	2519
2046.667	1116.9	480.2	3249
2050.000	1114.8	451.0	3544
2053.333	1120.7	435.1	2032
2056.667	1120.5	437.5	1118
2060.000	1129.3	425.7	615
2063.333	1128.4	479.4	1130
2066.667	1129.7	440.0	903
2070.000	1121.1	445.7	368
2073.333	1126.8	459.4	1578
2076.667	1123.6	454.4	423
2080.000	1122.4	438.9	69
2083.333	1122.4	429.2	480
2086.667	1124.0	469.4	1015
2090.000	1123.8	449.6	1127
2093.333	1126.7	437.5	440
2096.667	1130.3	478.4	1150
2100.000	1123.0	451.1	620
2103.333	1123.0	445.3	214
2106.667	1123.4	432.0	658
2110.000	1121.7	446.3	703
2113.333	1126.5	462.1	663
2116.667	1118.0	453.2	422
2120.000	1123.4	457.6	384
2123.333	1129.2	445.9	509
2126.667	1131.5	428.4	566
2130.000	1118.2	482.5	976
2133.333	1135.9	462.3	788
2136.667	1130.3	433.1	736
2140.000	1129.0	425.5	1000
2143.333	1132.0	440.4	1283
2146.667	1122.0	446.0	1221
2150.000	1127.6	459.9	1188
2153.333	1129.2	476.1	1072
2156.667	1124.7	430.3	104
2160.000	1128.2	459.1	565
2163.333	1126.8	474.9	556
2166.667	1126.1	441.3	994
2170.000	1125.7	450.9	547
2173.333	1125.7	451.3	640
2176.667	1128.6	412.6	86
2180.000	1120.7	481.6	926
2183.333	1126.1	441.2	512
2186.667	1128.4	440.2	1860
2190.000	1128.6	420.2	516
2193.333	1131.6	473.5	1123
2196.667	1124.7	482.7	1220
2200.000	1127.6	428.4	276
2203.333	1122.0	462.7	1398
2206.667	1130.5	464.7	661
2210.000	1121.9	430.8	220
2213.333	1122.2	453.7	404
2216.667	1127.8	455.9	1390
2220.000	1133.2	438.3	2613
2223.333	1130.1	467.7	1146
2226.667	1120.7	488.5	545
2230.000	1119.6	484.9	1198
2233.333	1125.3	452.6	2737
2236.667	1119.7	438.6	3429
2240.000	1125.3	434.8	2313
2243.333	1131.3	433.9	2045
2246.667	1142.2	425.8	2252
2250.000	1138.6	441.0	2487
2253.333	1157.8	415.5	2142
2256.667	1152.6	408.2	1141
2260.000	1149.7	391.6	670
2263.333	1160.4	413.5	410
2266.667	1152.0	424.0	2217
2270.000	1148.5	414.6	1166
2273.333	1152.8	411.2	1153
2276.667	1148.2	463.5	2123
2280.000	1153.9	398.6	2920
2283.333	1156.8	449.9	3028
2286.667	1154.7	470.1	2314
2290.000	1150.8	470.4	3608
2293.333	1151.6	476.9	1351
2296.667	1157.2	476.3	770
2300.000	1145.3	490.6	89
2303.333	1145.5	473.4	469
2306.667	1153.2	486.4	714
2310.000	1154.1	462.3	846
2313.333	1151.8	473.0	286
2316.667	1154.9	470.0	148
2320.000	1151.4	473.9	489
2323.333	1149.1	487.6	177
2326.667	1153.7	465.7	286
2330.000	1149.1	475.5	463
2333.333	1150.5	468.8	332
2336.667	1149.5	470.9	354
2340.000	1142.2	473.7	158
2343.333	1148.5	477.5	57
2346.667	1148.5	470.0	552
2350.000	1155.3	474.4	421
2353.333	1145.7	466.3	600
2356.667	1157.4	464.9	1445
2360.000	1150.3	484.9	393
2363.333	1147.2	489.3	606
2366.667	1152.0	498.9	263
2370.000	1155.1	456.8	1112
2373.333	1149.9	485.7	919
2376.667	1147.2	472.8	651
2380.000	1153.0	465.8	330
2383.333	1154.7	478.0	453
2386.667	1147.8	471.4	206
2390.000	1155.5	474.8	432
2393.333	1150.7	469.2	549
2396.667	1142.6	469.2	320
2400.000	1147.6	477.5	463
2403.333	1149.7	461.6	359
2406.667	1143.2	474.3	284
2410.000	1151.2	461.2	927
2413.333	1143.2	464.8	635
2416.667	1148.2	469.5	1157
2420.000	1151.4	446.7	1013
2423.333	1148.0	457.7	646
2426.667	1145.3	446.8	426
2430.000	1150.1	445.6	1294
2433.333	1143.7	460.6	1451
2436.667	1150.1	477.3	887
2440.000	1145.1	468.9	624
2443.333	1154.1	477.1	309
2446.667	1154.5	447.7	622
2450.000	1154.3	468.9	668
2453.333	1145.7	478.8	357
2456.667	1152.8	454.4	423
2460.000	1153.9	453.6	1229
2463.333	1159.7	468.0	598
2466.667	1154.5	445.2	787
2470.000	1157.4	450.3	632
2473.333	1148.4	466.7	428
2476.667	1151.8	475.4	393
2480.000	1154.9	460.1	560
2483.333	1150.7	441.6	430
2486.667	1144.7	455.0	341
2490.000	1155.1	452.6	1436
2493.333	1146.4	470.6	745
2496.667	1148.9	472.7	297
2500.000	1148.7	478.3	1139
2503.333	1159.7	440.4	1124
2506.667	1150.1	460.9	326
2510.000	1151.8	434.5	632
2513.333	1155.3	468.7	1917
2516.667	1156.2	476.5	618
2520.000	1150.5	471.3	518
2523.333	1152.4	478.9	883
2526.667	1157.0	448.8	1410
2530.000	1144.1	461.1	770
2533.333	1150.3	461.3	562
2536.667	1152.8	445.7	780
2540.000	1150.8	465.4	1129
2543.333	1149.9	455.9	538
2546.667	1150.3	426.8	214
2550.000	1152.8	446.4	514
2553.333	1150.3	456.9	841
2556.667	1151.8	461.2	1443
2560.000	1161.0	440.6	873
2563.333	1148.9	467.2	690
2566.667	1147.2	463.2	1264
2570.000	1144.9	465.0	884
2573.333	1151.8	466.9	244
2576.667	1142.8	480.1	500
2580.000	1150.5	455.0	1038
2583.333	1150.3	460.6	902
2586.667	1154.1	458.2	1006
2590.000	1153.9	447.8	206
2593.333	1144.7	459.3	86
2596.667	1158.3	453.0	108
2600.000	1153.9	462.7	23
2603.333	1150.8	457.8	177
2606.667	1151.8	447.3	449
2610.000	1152.0	454.8	402
2613.333	1144.1	463.0	498
2616.667	1151.8	459.6	1163
2620.000	1156.0	468.7	1165
2623.333	1150.3	457.3	957
2626.667	1156.4	479.2	598
2630.000	1152.6	480.1	151
2633.333	1155.5	473.1	155
2636.667	1147.2	467.2	886
2640.000	1153.7	463.5	768
2643.333	1149.1	471.1	536
2646.667	1149.9	462.5	142
2650.000	1158.1	462.1	86
2653.333	1147.8	460.3	340
2656.667	1150.8	475.8	293
2660.000	1155.6	462.3	439
2663.333	1157.6	470.4	418
2666.667	1154.7	462.0	432
2670.000	1148.2	476.1	533
2673.333	1151.6	473.1	278
2676.667	1145.1	473.6	695
2680.000	1150.3	464.2	1657
2683.333	1153.0	468.8	2073
2686.667	1159.9	449.7	2895
2690.000	1165.2	448.3	2868
2693.333	1163.9	437.2	3031
2696.667	1156.6	411.8	2316
2700.000	1156.8	417.7	1707
2703.333	1150.1	408.3	707
2706.667	1150.5	414.2	344
2710.000	1148.7	419.5	648
2713.333	1163.5	412.7	1143
2716.667	1160.4	418.7	1008
2720.000	1162.9	421.5	693
2723.333	1168.5	421.7	194
2726.667	1164.1	426.3	329
2730.000	1166.6	414.6	287
2733.333	1161.6	408.3	503
2736.667	1164.3	419.9	845
2740.000	1164.7	420.0	452
2743.333	1161.4	410.4	251
2746.667	1158.9	400.0	312
2750.000	1167.2	409.4	703
2753.333	1166.0	428.4	683
2756.667	1165.4	423.5	721
2760.000	1168.9	421.6	314
2763.333	1163.7	410.8	483
2766.667	1164.1	423.5	105
2770.000	1161.4	410.8	238
2773.333	1163.1	423.0	293
2776.667	1167.2	421.0	333
2780.000	1167.0	407.6	862
2783.333	1167.4	423.3	952
2786.667	1167.7	415.0	396
2790.000	1174.8	394.3	700
2793.333	1154.7	408.9	424
2796.667	1163.9	421.3	640
2800.000	1157.2	425.2	904
2803.333	1164.9	408.1	329
2806.667	1159.1	414.1	303
2810.000	1163.1	422.1	118
2813.333	1164.5	409.5	421
2816.667	1160.8	417.7	227
2820.000	1158.7	423.9	83
2823.333	1165.8	416.1	160
2826.667	1162.8	419.4	66
2830.000	1160.1	415.8	390
2833.333	1163.5	417.3	540
2836.667	1159.9	420.2	304
2840.000	1158.1	410.5	174
2843.333	1153.2	414.8	103
2846.667	1162.4	415.7	125
2850.000	1157.8	417.6	226
2853.333	1161.8	420.0	343
2856.667	1158.0	409.6	407
2860.000	1160.6	416.9	365
2863.333	1163.1	410.8	457
2866.667	1152.0	410.8	61
2870.000	1162.0	412.0	244
2873.333	1157.6	406.9	351
2876.667	1161.4	414.3	647
2880.000	1162.9	408.9	269
2883.333	1166.8	413.2	297
2886.667	1161.8	395.7	827
2890.000	1158.5	411.6	641
2893.333	1168.7	410.4	359
2896.667	1162.0	388.2	385
2900.000	1165.1	400.8	60
2903.333	1167.4	407.2	784
2906.667	1163.1	412.2	1133
2910.000	1160.8	405.9	146
2913.333	1161.6	417.6	169
2916.667	1159.5	411.9	379
2920.000	1168.1	399.5	191
2923.333	1160.8	409.9	760
2926.667	1153.3	406.6	421
2930.000	1160.3	412.0	132
2933.333	1167.9	391.6	400
2936.667	1164.9	404.4	439
2940.000	1163.7	410.8	308
2943.333	1163.5	404.0	748
2946.667	1166.2	406.4	306
2950.000	1160.8	411.8	292
2953.333	1163.9	410.6	505
2956.667	1158.3	408.0	511
2960.000	1166.0	397.9	250
2963.333	1154.9	398.5	17
2966.667	1165.1	404.2	263
2970.000	1157.8	412.2	118
2973.333	1165.1	405.4	304
2976.667	1164.7	403.2	297
2980.000	1163.1	394.6	60
2983.333	1161.0	401.8	297
2986.667	1159.1	406.7	302
2990.000	1162.4	410.1	170
2993.333	1165.6	405.8	234
2996.667	1169.9	387.1	195
3000.000	1159.3	401.5	284
3003.333	1155.8	406.1	733
3006.667	1162.4	405.6	417
3010.000	1162.6	398.0	201
3013.333	1152.6	412.5	181
3016.667	1160.8	388.9	131
3020.000	1158.1	404.6	184
3023.333	1155.5	405.6	357
3026.667	1161.2	403.8	191
3030.000	1164.3	398.8	351
3033.333	1160.1	403.6	477
3036.667	1161.6	395.1	209
3040.000	1156.0	400.9	164
3043.333	1164.7	394.8	462
3046.667	1156.6	404.2	463
3050.000	1162.8	402.7	576
3053.333	1168.1	408.6	852
3056.667	1157.0	401.4	516
3060.000	1156.8	413.0	362
3063.333	1163.5	415.8	129
3066.667	1162.0	410.0	283
3070.000	1163.9	408.2	124
3073.333	1164.5	408.0	252
3076.667	1159.7	411.0	216
3080.000	1162.4	417.1	167
3083.333	1168.7	403.4	491
3086.667	1165.1	406.4	537
3090.000	1159.9	406.7	439
3093.333	1156.4	400.9	801
3096.667	1166.4	404.0	512
3100.000	1153.3	420.9	159
3103.333	1164.5	417.5	440
3106.667	1161.0	408.3	139
3110.000	1162.4	397.8	416
3113.333	1164.9	420.1	369
3116.667	1158.3	406.9	85
3120.000	1162.2	412.6	233
3123.333	1155.5	418.0	302
3126.667	1167.4	399.9	401
3130.000	1168.9	408.1	364
3133.333	1164.3	418.9	190
3136.667	1163.9	410.9	511
3140.000	1166.0	403.4	546
3143.333	1157.0	420.6	474
3146.667	1158.9	395.2	98
3150.000	1161.4	410.3	220
3153.333	1163.3	408.2	357
3156.667	1162.4	413.5	243
3160.000	1159.5	397.0	323
3163.333	1162.8	409.2	44
3166.667	1163.9	405.6	132
3170.000	1162.8	403.6	224
3173.333	1161.6	410.6	352
3176.667	1157.4	404.4	221
3180.000	1158.1	402.6	210
3183.333	1160.8	403.1	150
3186.667	1159.5	408.0	86
3190.000	1163.7	399.3	181
3193.333	1156.2	407.6	287
3196.667	1157.0	404.9	212
3200.000	1160.6	407.1	328
3203.333	1156.4	408.6	322
3206.667	1156.4	403.4	571
3210.000	1164.3	411.0	566
3213.333	1159.3	397.1	447
3216.667	1172.2	405.2	108
3220.000	1162.0	399.3	267
3223.333	1159.9	403.4	939
3226.667	1161.8	407.4	740
3230.000	1162.4	411.9	163
3233.333	1160.8	418.7	126
3236.667	1154.9	404.7	416
3240.000	1163.9	399.4	343
3243.333	1162.8	414.6	125
3246.667	1156.2	399.8	401
3250.000	1158.0	411.7	559
3253.333	1160.6	410.1	122
3256.667	1159.7	410.9	251
3260.000	1151.0	409.4	65
3263.333	1168.3	405.8	96
3266.667	1153.7	411.7	383
3270.000	1161.4	411.3	582
3273.333	1161.0	410.8	756
3276.667	1163.1	399.2	653
3280.000	1168.1	405.8	244
3283.333	1165.4	391.4	233
3286.667	1159.3	409.3	538
3290.000	1163.5	407.5	646
3293.333	1162.6	411.3	426
3296.667	1165.2	406.7	40
3300.000	1161.2	414.1	438
3303.333	1162.2	401.7	464
3306.667	1160.4	411.0	1116
3310.000	1153.7	403.3	3041
3313.333	1158.9	406.0	5877
3316.667	1139.1	428.2	9120
3320.000	1104.2	458.4	NaN
3323.333	1037.8	436.8	NaN
3326.667	997.8	488.9	NaN
3330.000	NaN	NaN	NaN
3333.333	NaN	NaN	NaN
3336.667	NaN	NaN	NaN
3340.000	NaN	NaN	NaN
3343.333	NaN	NaN	NaN
3346.667	NaN	NaN	NaN
3350.000	NaN	NaN	NaN
3353.333	NaN	NaN	NaN
3356.667	NaN	NaN	NaN
3360.000	NaN	NaN	NaN
3363.333	NaN	NaN	NaN
3366.667	NaN	NaN	NaN
3370.000	NaN	NaN	NaN
3373.333	NaN	NaN	NaN
3376.667	NaN	NaN	NaN
3380.000	NaN	NaN	NaN
3383.333	NaN	NaN	NaN
3386.667	NaN	NaN	NaN
3390.000	NaN	NaN	NaN
3393.333	NaN	NaN	NaN
3396.667	NaN	NaN	NaN
3400.000	NaN	NaN	NaN
3403.333	NaN	NaN	NaN
3406.667	NaN	NaN	NaN
3410.000	NaN	NaN	NaN
3413.333	NaN	NaN	NaN
3416.667	NaN	NaN	NaN
3420.000	NaN	NaN	NaN
3423.333	NaN	NaN	NaN
3426.667	NaN	NaN	NaN
3430.000	NaN	NaN	NaN
3433.333	922.2	630.1	NaN
3436.667	NaN	NaN	NaN
3440.000	NaN	NaN	NaN
3443.333	NaN	NaN	NaN
3446.667	NaN	NaN	NaN
3450.000	NaN	NaN	NaN
3453.333	769.2	509.7	NaN
3456.667	761.9	486.5	NaN
3460.000	764.5	453.4	NaN
3463.333	766.5	448.6	4631
3466.667	733.8	458.9	3239
3470.000	749.4	395.5	2173
3473.333	754.9	428.2	1873
3476.667	739.4	426.4	1390
3480.000	757.4	413.3	1092
3483.333	746.5	410.9	2838
3486.667	747.3	412.1	2638
3490.000	730.9	384.8	2559
3493.333	734.4	373.1	2265
3496.667	745.3	381.1	1701
3500.000	738.6	370.2	926
3503.333	738.4	370.2	485
3506.667	744.0	370.0	323
3510.000	733.2	362.4	163
3513.333	748.0	372.5	472
3516.667	740.2	372.2	386
3520.000	739.8	371.6	444
3523.333	735.9	351.5	882
3526.667	747.3	365.8	683
3530.000	740.0	360.8	701
3533.333	735.7	356.4	640
3536.667	735.4	358.9	1383
3540.000	733.8	350.6	1249
3543.333	732.1	348.5	960
3546.667	730.8	339.2	821
3550.000	730.8	339.3	132
3553.333	726.1	346.7	103
3556.667	727.7	342.7	NaN
3560.000	738.0	356.1	NaN
3563.333	728.3	333.0	NaN
3566.667	NaN	NaN	NaN
3570.000	NaN	NaN	NaN
3573.333	726.9	348.8	NaN
3576.667	722.5	344.2	NaN
3580.000	723.8	358.0	NaN
3583.333	725.6	347.4	1167
3586.667	730.6	367.7	1850
3590.000	725.8	352.2	1295
3593.333	732.5	375.2	1873
3596.667	730.8	387.0	1165
3600.000	724.0	369.3	858
3603.333	735.2	392.7	667
3606.667	731.9	378.6	988
3610.000	740.9	369.1	820
3613.333	743.0	378.3	1065
3616.667	746.7	385.1	718
3620.000	734.6	387.4	406
3623.333	728.6	348.5	833
3626.667	741.3	367.1	518
3630.000	735.6	387.3	452
3633.333	735.7	360.9	836
3636.667	742.3	373.8	522
3640.000	741.3	370.8	580
3643.333	740.5	372.4	85
3646.667	732.5	357.9	423
3650.000	738.2	371.7	473
3653.333	742.8	364.4	488
3656.667	749.2	367.2	206
3660.000	726.5	358.5	609
3663.333	733.6	360.2	1278
3666.667	741.1	374.0	1336
3670.000	747.3	386.4	1577
3673.333	741.3	386.1	1229
3676.667	747.1	379.7	119
3680.000	743.0	383.3	474
3683.333	747.6	391.3	167
3686.667	738.2	368.6	443
3690.000	744.4	380.3	307
3693.333	742.8	385.8	247
3696.667	748.8	368.0	969
3700.000	748.0	387.0	767
3703.333	745.9	387.6	684
3706.667	745.9	391.6	813
3710.000	755.3	390.4	842
3713.333	747.6	388.8	743
3716.667	748.4	391.0	569
3720.000	733.2	362.7	185
3723.333	756.5	383.6	305
3726.667	747.1	387.4	382
3730.000	747.6	395.8	1108
3733.333	752.4	374.0	121
3736.667	749.6	383.8	640
3740.000	755.1	395.7	568
3743.333	748.8	385.5	148
3746.667	754.9	369.6	159
3750.000	754.2	382.4	273
3753.333	753.0	386.5	537
3756.667	744.6	392.8	868
3760.000	750.1	384.2	522
3763.333	752.1	388.7	447
3766.667	754.2	393.0	105
3770.000	750.9	395.7	328
3773.333	752.4	394.6	890
3776.667	746.7	383.5	1208
3780.000	745.3	382.2	767
3783.333	749.8	374.0	760
3786.667	741.9	377.4	133
3790.000	744.6	390.0	693
3793.333	738.6	374.9	729
3796.667	751.5	387.0	410
3800.000	748.6	395.7	537
3803.333	743.6	385.5	350
3806.667	744.0	385.2	1079
3810.000	754.9	371.3	1199
3813.333	747.6	384.0	616
3816.667	747.6	365.9	209
3820.000	744.0	371.8	454
3823.333	749.0	377.2	288
3826.667	747.5	379.1	783
3830.000	746.9	382.6	730
3833.333	751.1	378.4	384
3836.667	742.3	384.0	716
3840.000	737.3	387.9	891
3843.333	745.9	374.4	610
3846.667	748.4	359.5	1151
3850.000	750.3	370.9	2355
3853.333	738.6	378.0	3989
3856.667	707.5	376.6	5021
3860.000	694.5	395.5	4258
3863.333	676.4	381.1	2314
3866.667	663.9	395.4	585
3870.000	685.6	402.0	1716
3873.333	693.1	376.7	1931
3876.667	696.6	366.2	1866
3880.000	701.2	367.4	524
3883.333	697.5	377.8	948
3886.667	700.4	380.7	1406
3890.000	696.6	393.1	888
3893.333	694.5	383.8	341
3896.667	690.2	392.5	469
3900.000	693.3	379.9	768
3903.333	696.2	385.2	545
3906.667	688.1	380.5	477
3910.000	696.2	374.0	75
3913.333	702.7	382.6	78
3916.667	696.4	386.3	375
3920.000	690.6	378.2	699
3923.333	692.4	381.5	730
3926.667	684.7	371.1	440
3930.000	688.1	379.7	506
3933.333	687.6	387.9	609
3936.667	686.8	384.5	1031
3940.000	685.1	383.9	563
3943.333	685.2	388.8	659
3946.667	683.5	398.2	1221
3950.000	694.5	388.7	1542
3953.333	695.2	396.8	1360
3956.667	709.8	395.0	1057
3960.000	710.2	395.7	239
3963.333	704.6	387.3	928
3966.667	703.5	391.0	1001
3970.000	695.0	389.1	1222
3973.333	696.8	375.4	1267
3976.667	693.5	395.3	891
3980.000	689.1	373.2	534
3983.333	678.3	382.0	770
3986.667	691.6	385.8	612
3990.000	691.2	397.8	1003
3993.333	695.4	393.4	687
3996.667	702.0	385.2	1808
4000.000	696.8	387.6	2192
4003.333	682.2	366.6	1938
4006.667	687.2	353.2	864
4010.000	685.4	365.0	864
4013.333	682.2	364.7	864
4016.667	691.4	382.2	864
