time	x	y	v
0.000	986.3	318.9	523
3.333	979.8	310.1	523
6.667	993.6	317.1	523
10.000	994.2	314.1	523
13.333	978.6	307.7	266
16.667	984.6	321.4	324
20.000	996.7	300.7	809
23.333	980.9	310.3	643
26.667	989.8	314.4	282
30.000	963.1	317.0	554
33.333	998.4	325.8	658
36.667	986.9	310.8	232
40.000	993.6	313.3	197
43.333	987.1	325.0	1044
46.667	977.3	306.3	723
50.000	982.7	327.9	317
53.333	979.4	334.5	1224
56.667	977.9	306.1	1550
60.000	996.5	326.1	791
63.333	1013.4	325.7	463
66.667	994.9	330.6	191
70.000	982.8	313.7	1206
73.333	989.8	322.1	1302
76.667	998.4	313.6	768
80.000	974.4	320.7	683
83.333	1008.4	294.2	522
86.667	992.3	322.1	357
90.000	997.1	311.1	1024
93.333	993.2	309.4	1521
96.667	985.9	325.9	531
100.000	989.2	335.6	1000
103.333	988.6	320.1	115
106.667	986.1	317.4	741
110.000	970.0	311.4	470
113.333	1001.3	325.4	282
116.667	989.4	313.2	432
120.000	986.9	323.2	727
123.333	977.9	307.7	394
126.667	985.9	307.2	571
130.000	992.6	304.5	1006
133.333	997.8	324.4	1421
136.667	990.1	325.6	1240
140.000	996.3	328.2	341
143.333	982.5	329.5	2091
146.667	1004.9	325.9	1467
150.000	983.4	310.1	1025
153.333	955.0	288.0	287
156.667	994.0	319.7	188
160.000	984.6	323.1	1389
163.333	992.4	319.2	1666
166.667	993.8	311.6	265
170.000	992.8	320.2	1202
173.333	995.1	321.3	1280
176.667	983.6	313.0	2346
180.000	988.0	286.7	1435
183.333	982.8	302.0	425
186.667	979.8	266.0	766
190.000	1006.5	316.2	1777
193.333	980.0	313.1	1713
196.667	994.2	310.6	1532
200.000	985.7	320.3	742
203.333	992.8	320.0	116
206.667	984.6	308.7	893
210.000	980.9	313.3	820
213.333	986.5	312.8	594
216.667	978.0	298.2	525
220.000	982.1	311.5	671
223.333	985.7	307.5	530
226.667	999.2	312.7	503
230.000	990.7	308.6	392
233.333	988.0	310.6	399
236.667	985.7	306.6	385
240.000	997.6	315.7	340
243.333	999.2	312.3	196
246.667	979.0	312.3	222
250.000	984.2	312.3	224
253.333	989.4	309.5	558
256.667	990.5	314.6	875
260.000	994.8	319.8	491
263.333	992.8	322.8	639
266.667	996.3	313.1	171
270.000	993.4	302.7	191
273.333	1004.4	329.3	666
276.667	984.0	309.6	225
280.000	994.6	318.3	340
283.333	997.8	296.4	572
286.667	1002.6	317.4	529
290.000	1000.5	315.8	339
293.333	1001.1	311.0	325
296.667	994.9	305.0	2052
300.000	1004.2	322.4	1621
303.333	991.9	304.1	796
306.667	1008.8	257.6	995
310.000	991.5	301.5	1654
313.333	1026.0	329.6	2266
316.667	985.5	331.6	2488
320.000	998.2	331.3	773
323.333	997.8	315.4	1451
326.667	991.7	321.9	1649
330.000	986.5	315.4	1103
333.333	993.8	313.6	361
336.667	1010.7	295.5	693
340.000	992.3	313.2	321
343.333	991.9	316.9	851
346.667	999.7	302.6	1041
350.000	987.1	305.7	373
353.333	981.5	317.3	421
356.667	988.6	306.3	754
360.000	1003.4	304.1	257
363.333	1000.3	309.2	281
366.667	974.4	326.3	559
370.000	981.1	303.0	744
373.333	989.6	317.8	591
376.667	999.7	316.0	791
380.000	981.9	318.3	403
383.333	977.7	295.8	524
386.667	985.9	307.3	536
390.000	1003.0	320.1	710
393.333	994.8	305.0	690
396.667	999.2	314.0	447
400.000	984.4	316.8	412
403.333	994.0	307.8	310
406.667	996.7	325.4	222
410.000	994.0	317.2	558
413.333	1002.8	304.1	2243
416.667	989.0	312.7	4878
420.000	968.6	317.2	7792
423.333	944.6	318.0	10032
426.667	890.1	337.2	11909
430.000	846.7	343.5	12369
433.333	818.5	341.5	11702
436.667	760.1	368.6	10490
440.000	742.7	377.1	8932
443.333	718.8	372.2	7945
446.667	680.6	370.3	5547
450.000	682.9	391.2	3747
453.333	647.8	375.0	2047
456.667	664.5	388.4	48
460.000	674.1	379.0	571
463.333	665.7	366.7	605
466.667	682.4	384.3	634
470.000	676.6	397.1	1368
473.333	654.5	360.5	1118
476.667	672.2	410.2	915
480.000	640.7	376.4	582
483.333	661.2	376.3	848
486.667	669.5	386.3	1533
490.000	672.6	373.2	1537
493.333	670.5	376.3	873
496.667	678.3	374.0	930
500.000	674.5	395.9	1057
503.333	670.7	392.5	1345
506.667	666.4	395.7	1450
510.000	667.8	385.5	73
513.333	664.7	407.6	694
516.667	663.9	408.0	887
520.000	680.6	379.6	676
523.333	651.1	377.4	1669
526.667	672.8	382.9	868
530.000	659.9	392.3	487
533.333	664.9	365.4	850
536.667	671.2	385.6	166
540.000	683.9	385.6	50
543.333	665.9	382.8	830
546.667	667.6	381.8	455
550.000	660.7	383.6	559
553.333	663.0	389.3	482
556.667	672.8	382.5	47
560.000	670.3	397.0	600
563.333	665.7	386.9	830
566.667	662.6	378.3	726
570.000	662.2	370.9	882
573.333	680.4	378.8	745
576.667	683.7	384.7	548
580.000	656.6	371.2	1083
583.333	679.9	402.3	1184
586.667	672.4	370.1	765
590.000	672.6	404.2	882
593.333	660.9	395.8	903
596.667	662.6	379.3	383
600.000	652.0	396.8	442
603.333	670.5	383.0	474
606.667	671.4	394.6	247
610.000	671.8	393.3	413
613.333	659.7	377.9	130
616.667	664.7	388.7	107
620.000	670.7	391.7	515
623.333	674.9	390.2	374
626.667	666.6	388.9	340
630.000	652.2	396.6	987
633.333	663.0	383.3	940
636.667	673.2	401.9	845
640.000	667.0	415.9	786
643.333	675.1	398.7	1067
646.667	667.0	396.7	959
650.000	668.5	403.3	1171
653.333	660.7	421.5	1236
656.667	662.8	372.0	1753
660.000	654.0	397.5	1658
663.333	669.1	373.9	774
666.667	650.1	373.0	987
670.000	649.0	389.6	635
673.333	653.8	401.3	1089
676.667	673.9	394.6	461
680.000	667.6	382.3	412
683.333	660.7	397.9	607
686.667	649.3	382.2	124
690.000	669.1	401.9	131
693.333	668.4	378.4	740
696.667	668.9	399.4	573
700.000	653.2	379.4	1560
703.333	635.5	396.5	718
706.667	665.1	372.1	766
710.000	652.0	369.3	1425
713.333	654.5	408.2	1374
716.667	659.7	412.9	1352
720.000	671.6	388.0	584
723.333	655.3	404.7	844
726.667	656.3	397.2	1238
730.000	668.4	387.9	481
733.333	662.8	397.1	825
736.667	669.9	374.9	167
740.000	659.1	393.0	871
743.333	657.2	386.5	771
746.667	659.7	400.0	575
750.000	660.9	405.4	355
753.333	661.2	397.2	582
756.667	663.7	383.3	748
760.000	646.8	387.9	1106
763.333	673.3	386.0	748
766.667	667.0	395.5	272
770.000	662.0	372.3	367
773.333	662.6	379.8	361
776.667	660.3	385.5	477
780.000	658.6	382.2	121
783.333	670.8	397.5	404
786.667	675.3	385.3	610
790.000	653.8	364.0	246
793.333	672.8	387.8	359
796.667	671.2	404.9	999
800.000	661.2	383.8	902
803.333	663.9	388.9	518
806.667	669.7	401.0	591
810.000	676.8	381.6	1213
813.333	674.7	411.4	1020
816.667	665.5	405.8	762
820.000	669.3	405.3	1138
823.333	676.4	408.6	1381
826.667	651.8	397.9	1193
830.000	653.0	388.6	2090
833.333	662.6	391.3	1036
836.667	663.7	387.4	924
840.000	675.1	356.6	1215
843.333	661.2	404.5	551
846.667	669.9	406.5	768
850.000	672.4	402.4	716
853.333	665.1	380.5	427
856.667	670.1	395.8	314
860.000	668.5	393.2	713
863.333	673.2	407.1	334
866.667	677.8	401.2	1581
870.000	660.1	406.8	3161
873.333	660.9	377.4	3612
876.667	648.6	368.3	3373
880.000	624.6	354.1	2228
883.333	654.5	355.0	1326
886.667	648.6	348.7	583
890.000	659.3	361.4	498
893.333	631.1	345.2	737
896.667	634.4	356.0	142
900.000	642.8	370.1	622
903.333	648.2	356.1	1393
906.667	654.9	347.3	1287
910.000	657.6	364.6	358
913.333	654.3	354.1	713
916.667	660.3	347.9	524
920.000	646.1	372.9	760
923.333	647.8	366.1	1088
926.667	655.1	353.6	1064
930.000	637.6	357.9	1190
933.333	636.3	338.5	763
936.667	645.9	351.1	1399
940.000	632.6	357.5	978
943.333	636.3	366.0	1058
946.667	624.8	370.9	547
950.000	628.6	354.3	423
953.333	643.2	364.0	895
956.667	624.4	350.9	1239
960.000	635.1	356.7	711
963.333	644.5	352.4	859
966.667	630.9	338.7	906
970.000	639.9	350.9	50
973.333	649.7	348.2	237
976.667	641.5	344.6	728
980.000	632.4	358.6	635
983.333	638.0	346.7	544
986.667	631.1	359.6	252
990.000	635.5	350.8	516
993.333	640.3	353.5	410
996.667	635.3	339.0	576
1000.000	634.0	349.9	474
1003.333	639.4	344.7	885
1006.667	648.4	362.2	904
1010.000	637.4	355.0	982
1013.333	637.8	366.0	1567
1016.667	649.0	348.3	1446
1020.000	658.8	359.3	1654
1023.333	671.8	371.5	183
1026.667	663.0	360.2	690
1030.000	659.7	372.8	1334
1033.333	634.9	349.3	1439
1036.667	647.8	350.5	593
1040.000	644.2	365.7	595
1043.333	651.1	350.5	500
1046.667	654.5	354.9	675
1050.000	641.1	351.1	914
1053.333	647.6	342.1	472
1056.667	652.6	345.3	264
1060.000	654.9	346.6	506
1063.333	637.4	346.8	1228
1066.667	655.9	364.4	802
1070.000	650.3	348.2	1025
1073.333	657.2	371.5	865
1076.667	656.1	351.3	384
1080.000	668.9	358.3	715
1083.333	646.3	368.4	690
1086.667	648.0	365.3	799
1090.000	637.6	349.4	492
1093.333	656.3	363.3	705
1096.667	642.6	356.4	694
1100.000	653.8	363.3	357
1103.333	634.8	346.2	437
1106.667	634.9	352.6	250
1110.000	646.7	352.0	605
1113.333	647.8	363.5	403
1116.667	636.3	358.9	632
1120.000	630.0	347.8	753
1123.333	637.6	359.1	453
1126.667	630.1	363.4	168
1130.000	637.4	340.7	658
1133.333	634.2	364.5	1096
1136.667	638.4	352.0	475
1140.000	639.2	369.4	919
1143.333	645.7	382.3	297
1146.667	618.6	348.2	785
1150.000	641.3	369.8	582
1153.333	641.7	350.8	492
1156.667	642.4	392.6	468
1160.000	623.4	376.6	736
1163.333	630.9	366.2	296
1166.667	625.3	355.1	1215
1170.000	634.0	369.4	241
1173.333	642.6	365.1	1027
1176.667	631.5	361.5	1022
1180.000	623.2	371.8	1331
1183.333	664.5	363.9	947
1186.667	638.6	340.0	936
1190.000	658.9	360.7	392
1193.333	634.4	351.0	529
1196.667	648.8	358.3	980
1200.000	646.3	376.8	809
1203.333	664.1	356.5	1137
1206.667	658.6	347.5	1112
1210.000	662.6	359.9	439
1213.333	654.7	370.7	933
1216.667	675.3	375.4	386
1220.000	651.6	363.9	258
1223.333	654.9	367.8	136
1226.667	658.2	354.6	380
1230.000	662.6	366.4	28
1233.333	659.9	383.8	821
1236.667	655.7	359.9	1141
1240.000	650.7	358.6	1321
1243.333	640.1	354.6	1154
1246.667	643.6	356.9	718
1250.000	652.6	354.3	1021
1253.333	649.3	355.4	1109
1256.667	635.1	376.2	925
1260.000	659.7	375.5	1003
1263.333	657.6	361.2	1087
1266.667	652.2	370.0	1189
1270.000	651.5	379.7	321
1273.333	665.9	377.8	460
1276.667	670.1	368.2	722
1280.000	656.4	365.5	890
1283.333	662.6	371.0	1869
1286.667	648.2	357.5	1795
1290.000	647.2	371.7	1755
1293.333	634.4	347.5	879
1296.667	644.2	347.9	569
1300.000	630.3	350.6	1420
1303.333	654.5	366.0	2711
1306.667	630.0	350.5	4143
1310.000	677.6	332.1	5193
1313.333	694.1	337.8	4830
1316.667	697.7	291.2	3764
1320.000	710.4	309.1	2525
1323.333	694.7	295.5	2254
1326.667	693.1	298.9	1374
1330.000	712.3	285.3	1268
1333.333	716.5	280.2	1520
1336.667	712.1	278.7	1546
1340.000	718.3	298.1	823
1343.333	725.2	295.7	587
1346.667	729.2	302.4	751
1350.000	722.5	276.2	885
1353.333	723.6	275.8	409
1356.667	728.1	286.0	1125
1360.000	735.6	292.0	1254
1363.333	731.5	302.2	1428
1366.667	713.5	314.2	574
1370.000	723.5	283.9	504
1373.333	721.5	312.4	801
1376.667	722.7	274.5	1269
1380.000	735.0	326.3	1473
1383.333	740.9	305.5	876
1386.667	734.2	309.3	571
1390.000	754.0	284.0	1334
1393.333	727.7	306.6	723
1396.667	732.3	310.1	741
1400.000	735.6	283.3	637
1403.333	727.7	303.2	927
1406.667	737.1	284.7	1549
1410.000	732.9	312.1	1470
1413.333	717.9	277.3	1372
1416.667	723.1	266.9	61
1420.000	722.7	270.0	87
1423.333	715.4	293.5	1413
1426.667	748.8	298.6	1329
1430.000	717.5	288.9	741
1433.333	705.6	296.5	899
1436.667	711.9	285.9	884
1440.000	721.0	289.7	435
1443.333	727.3	273.9	724
1446.667	726.0	285.8	330
1450.000	711.4	294.9	538
1453.333	726.7	289.2	703
1456.667	703.3	277.5	69
1460.000	720.2	288.8	941
1463.333	713.3	285.2	1196
1466.667	728.8	293.2	800
1470.000	726.5	311.1	164
1473.333	710.8	302.4	945
1476.667	713.9	283.1	709
1480.000	730.8	285.9	1166
1483.333	717.7	270.1	647
1486.667	732.9	304.6	216
1490.000	718.1	278.5	757
1493.333	724.8	289.3	734
1496.667	723.1	282.0	1727
1500.000	708.5	273.1	623
1503.333	711.7	279.9	651
1506.667	722.7	259.1	1064
1510.000	718.1	280.7	1003
1513.333	706.6	283.6	1318
1516.667	704.1	302.4	748
1520.000	707.1	278.9	679
1523.333	731.7	300.2	1019
1526.667	710.6	270.8	914
1530.000	727.3	289.1	206
1533.333	710.8	271.3	406
1536.667	710.2	283.6	348
1540.000	715.0	289.3	349
1543.333	724.2	297.1	1116
1546.667	721.2	255.1	926
1550.000	723.6	302.8	418
1553.333	727.9	290.3	354
1556.667	730.6	283.3	885
1560.000	718.1	278.0	539
1563.333	733.6	293.7	861
1566.667	730.0	290.0	552
1570.000	726.9	283.8	1100
1573.333	700.6	278.5	2041
1576.667	727.9	281.7	2352
1580.000	709.1	264.2	2649
1583.333	699.6	269.6	2296
1586.667	699.6	247.1	2305
1590.000	702.3	234.0	768
1593.333	683.9	254.8	656
1596.667	704.8	239.5	822
1600.000	707.1	258.0	234
1603.333	712.9	253.2	467
1606.667	704.8	249.3	396
1610.000	692.2	229.8	311
1613.333	694.3	249.7	426
1616.667	708.7	248.8	1724
1620.000	721.5	255.4	2089
1623.333	709.2	245.3	729
1626.667	722.5	274.8	330
1630.000	721.0	258.3	1031
1633.333	702.1	252.6	731
1636.667	714.4	236.6	964
1640.000	723.1	236.5	571
1643.333	691.6	266.2	1543
1646.667	706.6	265.7	1942
1650.000	721.5	257.0	1553
1653.333	705.2	277.2	469
1656.667	684.3	263.7	903
1660.000	696.8	270.9	853
1663.333	696.2	263.3	837
1666.667	702.0	249.6	368
1670.000	694.1	268.9	597
1673.333	692.5	255.2	177
1676.667	699.1	274.4	564
1680.000	712.7	250.2	523
1683.333	689.5	256.0	804
1686.667	715.8	258.4	346
1690.000	696.6	266.1	1211
1693.333	715.6	269.1	1925
1696.667	704.6	262.8	1356
1700.000	735.0	261.5	1470
1703.333	733.8	257.6	1402
1706.667	713.9	236.4	1140
1710.000	709.4	249.3	1810
1713.333	700.2	247.3	1648
1716.667	704.1	259.4	1687
1720.000	703.5	263.5	804
1723.333	709.4	275.3	824
1726.667	688.9	260.4	483
1730.000	706.4	258.7	785
1733.333	694.7	272.9	358
1736.667	696.0	260.0	830
1740.000	690.6	255.4	615
1743.333	718.1	269.0	790
1746.667	706.0	248.7	692
1750.000	701.6	255.5	481
1753.333	710.4	278.5	466
1756.667	701.2	266.3	565
1760.000	701.2	262.2	219
1763.333	708.5	263.0	954
1766.667	704.8	266.8	353
1770.000	702.9	257.7	214
1773.333	711.0	253.3	441
1776.667	703.5	265.6	1094
1780.000	704.6	271.3	1259
1783.333	711.7	270.6	793
1786.667	711.6	284.5	382
1790.000	701.2	274.3	787
1793.333	708.1	267.6	1069
1796.667	716.5	267.6	407
1800.000	688.7	258.8	488
1803.333	711.4	258.4	921
1806.667	699.6	292.9	239
1810.000	696.2	269.4	1124
1813.333	689.9	260.4	1635
1816.667	714.0	259.8	1820
1820.000	689.1	233.7	712
1823.333	700.4	251.6	973
1826.667	709.4	258.3	670
1830.000	708.3	265.4	1143
1833.333	709.8	268.3	50
1836.667	696.6	253.0	838
1840.000	713.3	257.6	331
1843.333	702.5	254.9	568
1846.667	719.0	243.8	884
1850.000	697.7	271.1	1018
1853.333	689.7	258.1	876
1856.667	715.2	274.8	790
1860.000	693.3	263.0	1021
1863.333	712.5	268.1	1714
1866.667	698.3	266.8	695
1870.000	684.1	298.1	401
1873.333	701.2	294.1	1210
1876.667	704.3	259.4	1736
1880.000	709.2	264.7	1925
1883.333	724.0	254.7	841
1886.667	706.2	266.3	239
1890.000	706.9	268.1	320
1893.333	716.2	266.9	508
1896.667	705.6	260.9	913
1900.000	726.3	266.1	420
1903.333	695.2	257.7	1114
1906.667	723.1	248.0	706
1910.000	708.3	268.9	713
1913.333	701.0	236.1	934
1916.667	715.2	255.4	215
1920.000	718.7	249.5	385
1923.333	724.6	256.8	743
1926.667	701.0	255.6	126
1930.000	717.1	254.8	879
1933.333	713.9	256.1	920
1936.667	718.7	248.5	851
1940.000	706.0	279.3	619
1943.333	704.4	266.7	731
1946.667	709.4	266.3	926
1950.000	706.2	246.8	1527
1953.333	702.5	248.3	978
1956.667	703.3	252.6	524
1960.000	718.8	248.2	876
1963.333	708.5	247.9	1482
1966.667	717.9	260.4	1478
1970.000	702.9	266.1	1652
1973.333	730.6	272.3	799
1976.667	704.8	275.8	200
1980.000	704.1	275.3	1011
1983.333	716.0	259.5	1674
1986.667	715.0	258.3	1113
1990.000	720.4	251.3	346
1993.333	698.3	245.5	1194
1996.667	726.3	269.6	1104
2000.000	713.5	272.9	783
2003.333	725.0	279.5	854
2006.667	733.4	252.2	833
2010.000	710.0	264.4	704
2013.333	728.8	252.2	1135
2016.667	727.5	263.3	1148
2020.000	725.8	265.7	845
2023.333	692.0	256.6	809
2026.667	711.0	249.0	584
2030.000	707.7	272.2	248
2033.333	722.1	256.0	692
2036.667	707.7	258.1	1491
2040.000	705.4	257.7	674
2043.333	706.4	274.2	1449
2046.667	700.8	290.4	1270
2050.000	711.7	261.9	1409
2053.333	712.7	286.8	676
2056.667	712.9	280.5	1147
2060.000	710.8	296.4	1081
2063.333	684.3	249.4	2102
2066.667	703.7	263.7	1872
2070.000	703.7	263.7	2079
2073.333	695.0	248.9	971
2076.667	710.0	249.5	487
2080.000	714.2	239.0	225
2083.333	705.2	273.3	878
2086.667	691.6	246.2	667
2090.000	701.0	260.0	792
2093.333	692.9	261.9	267
2096.667	720.0	258.7	207
2100.000	711.0	267.2	897
2103.333	693.9	262.2	1492
2106.667	695.4	246.9	1472
2110.000	712.7	241.3	1032
2113.333	705.6	233.9	900
2116.667	704.1	244.0	1517
2120.000	704.1	251.7	1978
2123.333	705.4	282.1	2059
2126.667	711.4	259.7	385
2130.000	729.0	269.4	1333
2133.333	702.5	276.4	1224
2136.667	692.9	243.0	710
2140.000	677.6	255.1	1083
2143.333	715.6	264.7	1059
2146.667	709.1	259.7	1029
2150.000	720.2	239.7	1123
2153.333	700.0	257.0	472
2156.667	707.5	242.5	911
2160.000	716.9	254.7	1323
2163.333	702.0	259.6	354
2166.667	702.1	272.2	675
2170.000	715.8	264.7	734
2173.333	698.3	247.3	278
2176.667	715.2	266.7	518
2180.000	702.1	279.9	988
2183.333	702.1	262.4	725
2186.667	693.9	261.4	1529
2190.000	695.4	243.3	1691
2193.333	702.1	250.0	744
2196.667	703.7	247.4	408
2200.000	702.3	241.3	737
2203.333	704.8	254.1	703
2206.667	695.4	247.1	729
2210.000	717.5	257.3	589
2213.333	704.6	261.3	238
2216.667	701.0	255.5	727
2220.000	716.4	246.8	555
2223.333	691.8	260.7	289
2226.667	705.0	271.9	186
2230.000	704.1	254.2	380
2233.333	701.4	246.2	633
2236.667	702.0	255.0	462
2240.000	722.5	257.6	578
2243.333	698.7	278.3	259
2246.667	710.6	263.3	395
2250.000	698.5	253.0	1314
2253.333	714.8	241.9	1704
2256.667	718.8	277.6	749
2260.000	691.0	227.9	473
2263.333	696.2	241.5	762
2266.667	710.2	254.6	803
2270.000	714.2	270.4	1977
2273.333	711.9	261.5	1024
2276.667	690.4	269.0	691
2280.000	693.5	268.7	373
2283.333	694.7	256.8	409
2286.667	711.7	273.5	844
2290.000	706.2	275.9	750
2293.333	704.4	264.2	704
2296.667	705.0	270.9	722
2300.000	703.3	244.0	771
2303.333	708.7	257.8	541
2306.667	706.9	270.1	1259
2310.000	700.6	252.5	551
2313.333	712.1	252.0	819
2316.667	707.3	228.5	854
2320.000	702.7	252.4	266
2323.333	715.2	252.8	881
2326.667	712.5	246.1	979
2330.000	706.0	247.5	700
2333.333	703.5	268.1	607
2336.667	698.7	248.2	637
2340.000	706.9	267.6	343
2343.333	727.1	256.3	237
2346.667	701.4	259.8	532
2350.000	701.8	260.3	879
2353.333	707.7	268.5	1175
2356.667	690.4	242.8	677
2360.000	703.9	263.6	870
2363.333	693.5	251.9	1344
2366.667	711.9	246.3	238
2370.000	698.3	244.9	193
2373.333	705.8	231.4	63
2376.667	684.9	259.6	109
2380.000	717.7	263.4	602
2383.333	695.8	234.6	547
2386.667	707.1	240.3	423
2390.000	693.3	266.1	1077
2393.333	693.1	248.2	1255
2396.667	692.9	249.8	397
2400.000	691.0	254.4	539
2403.333	697.7	268.6	309
2406.667	694.8	243.8	524
2410.000	706.8	267.2	646
2413.333	689.5	246.9	304
2416.667	706.4	260.6	521
2420.000	697.5	241.6	232
2423.333	689.7	265.2	419
2426.667	700.6	262.8	283
2430.000	710.2	260.0	704
2433.333	683.9	253.2	1289
2436.667	699.8	254.0	845
2440.000	700.6	230.8	722
2443.333	684.1	249.5	849
2446.667	696.4	256.4	346
2450.000	707.1	236.8	666
2453.333	700.2	238.6	499
2456.667	694.8	242.6	485
2460.000	708.3	254.3	208
2463.333	693.3	257.4	377
2466.667	711.7	249.7	490
2470.000	706.2	226.4	351
2473.333	703.1	252.8	310
2476.667	707.3	261.4	402
2480.000	699.5	240.0	298
2483.333	691.6	253.7	364
2486.667	711.2	230.9	389
2490.000	707.3	234.4	683
2493.333	703.3	263.3	263
2496.667	704.6	241.3	369
2500.000	702.1	256.8	980
2503.333	690.4	235.4	939
2506.667	711.6	234.6	808
2510.000	693.3	228.0	494
2513.333	696.2	252.7	456
2516.667	686.0	233.7	869
2520.000	694.8	252.3	1417
2523.333	710.0	234.6	1345
2526.667	713.5	254.2	968
2530.000	715.4	241.3	919
2533.333	711.9	242.0	1546
2536.667	698.3	222.3	1726
2540.000	702.1	236.0	1465
2543.333	676.4	242.1	614
2546.667	709.4	213.5	1029
2550.000	685.1	230.6	413
2553.333	699.3	242.9	560
2556.667	677.6	246.7	1553
2560.000	695.6	232.2	2342
2563.333	698.9	238.0	4344
2566.667	692.7	259.6	6053
2570.000	659.1	291.4	8180
2573.333	618.2	300.8	8324
2576.667	623.6	329.3	6968
2580.000	613.4	357.8	5213
2583.333	630.0	381.8	3373
2586.667	621.7	376.6	1745
2590.000	622.1	382.2	149
2593.333	627.1	363.6	652
2596.667	635.7	376.3	271
2600.000	610.0	361.7	166
2603.333	625.2	375.1	376
2606.667	617.3	379.5	1373
2610.000	629.4	376.4	997
2613.333	627.6	369.3	1348
2616.667	621.1	328.1	545
2620.000	614.0	365.8	555
2623.333	616.3	360.7	301
2626.667	617.7	380.1	854
2630.000	620.4	358.2	543
2633.333	620.0	338.1	667
2636.667	614.2	373.9	776
2640.000	618.2	354.5	484
2643.333	614.6	352.1	755
2646.667	608.6	358.7	860
2650.000	616.9	362.2	437
2653.333	626.1	367.5	666
2656.667	633.2	352.3	123
2660.000	609.2	361.4	498
2663.333	628.4	347.0	620
2666.667	602.9	371.8	820
2670.000	626.9	374.9	863
2673.333	623.6	366.1	467
2676.667	611.9	362.2	596
2680.000	638.6	362.1	468
2683.333	606.7	372.0	367
2686.667	621.7	359.7	223
2690.000	620.5	364.7	888
2693.333	632.1	372.8	861
2696.667	615.2	351.5	793
2700.000	602.7	364.7	613
2703.333	618.6	346.4	316
2706.667	614.2	358.5	1679
2710.000	614.0	368.0	1231
2713.333	622.5	371.3	845
2716.667	629.6	385.2	300
2720.000	623.0	357.8	1131
2723.333	621.7	363.2	1524
2726.667	599.6	367.2	1513
2730.000	597.9	368.9	469
2733.333	607.5	361.2	380
2736.667	607.1	357.6	979
2740.000	615.6	363.0	1117
2743.333	602.5	380.3	1132
2746.667	586.6	388.6	991
2750.000	608.3	377.5	683
2753.333	593.1	365.8	1117
2756.667	602.3	381.8	1137
2760.000	592.7	373.9	394
2763.333	614.4	356.8	594
2766.667	596.0	366.9	572
2770.000	601.7	372.8	354
2773.333	602.9	389.3	974
2776.667	589.6	380.8	648
2780.000	596.7	354.7	286
2783.333	595.8	383.0	608
2786.667	592.5	389.4	1156
2790.000	601.5	364.7	1332
2793.333	608.6	374.1	1202
2796.667	615.7	374.4	1088
2800.000	617.9	377.0	999
2803.333	611.5	389.1	224
2806.667	616.1	378.0	1407
2810.000	616.7	382.0	2325
2813.333	609.2	361.8	1984
2816.667	587.9	356.9	1120
2820.000	586.6	351.0	318
2823.333	594.8	374.3	810
2826.667	613.2	362.4	802
2830.000	608.4	366.4	337
2833.333	601.5	372.0	591
2836.667	587.7	366.0	1065
2840.000	594.6	363.9	581
2843.333	596.2	377.4	517
2846.667	596.9	377.4	1058
2850.000	598.8	374.2	1984
2853.333	577.3	360.3	2992
2856.667	599.6	336.5	3592
2860.000	636.7	348.0	2835
2863.333	609.8	325.6	2147
2866.667	639.0	326.1	1464
2870.000	619.6	341.3	857
2873.333	628.4	349.7	1682
2876.667	632.6	363.7	812
2880.000	635.1	339.3	569
2883.333	625.0	358.8	1021
2886.667	618.4	338.4	707
2890.000	612.3	344.1	900
2893.333	622.5	343.7	1190
2896.667	624.0	371.2	1824
2900.000	637.1	357.2	1174
2903.333	623.0	371.3	354
2906.667	638.6	362.4	1168
2910.000	625.5	359.3	1232
2913.333	630.1	355.9	936
2916.667	631.1	339.9	1189
2920.000	626.7	342.8	683
2923.333	632.8	362.0	1302
2926.667	603.3	345.8	1352
2930.000	622.1	354.2	593
2933.333	607.9	363.6	431
2936.667	627.1	365.5	1306
2940.000	617.9	349.3	956
2943.333	634.8	354.5	1001
2946.667	632.1	348.1	1134
2950.000	619.6	343.3	973
2953.333	599.6	348.8	539
2956.667	627.6	338.4	749
2960.000	614.4	336.2	1536
2963.333	628.6	357.0	1782
2966.667	621.7	366.4	844
2970.000	629.0	366.4	376
2973.333	629.0	364.8	NaN
2976.667	620.5	342.3	NaN
2980.000	622.3	336.0	NaN
2983.333	NaN	NaN	NaN
2986.667	NaN	NaN	NaN
2990.000	597.5	507.5	NaN
2993.333	637.6	713.3	NaN
2996.667	NaN	NaN	NaN
3000.000	NaN	NaN	NaN
3003.333	NaN	NaN	NaN
3006.667	NaN	NaN	NaN
3010.000	NaN	NaN	NaN
3013.333	NaN	NaN	NaN
3016.667	NaN	NaN	NaN
3020.000	NaN	NaN	NaN
3023.333	NaN	NaN	NaN
3026.667	NaN	NaN	NaN
3030.000	NaN	NaN	NaN
3033.333	NaN	NaN	NaN
3036.667	NaN	NaN	NaN
3040.000	NaN	NaN	NaN
3043.333	NaN	NaN	NaN
3046.667	NaN	NaN	NaN
3050.000	NaN	NaN	NaN
3053.333	NaN	NaN	NaN
3056.667	NaN	NaN	NaN
3060.000	NaN	NaN	NaN
3063.333	NaN	NaN	NaN
3066.667	NaN	NaN	NaN
3070.000	NaN	NaN	NaN
3073.333	NaN	NaN	NaN
3076.667	NaN	NaN	NaN
3080.000	NaN	NaN	NaN
3083.333	NaN	NaN	NaN
3086.667	NaN	NaN	NaN
3090.000	NaN	NaN	NaN
3093.333	NaN	NaN	NaN
3096.667	NaN	NaN	NaN
3100.000	NaN	NaN	NaN
3103.333	NaN	NaN	NaN
3106.667	NaN	NaN	NaN
3110.000	NaN	NaN	NaN
3113.333	NaN	NaN	NaN
3116.667	NaN	NaN	NaN
3120.000	NaN	NaN	NaN
3123.333	NaN	NaN	NaN
3126.667	NaN	NaN	NaN
3130.000	NaN	NaN	NaN
3133.333	NaN	NaN	NaN
3136.667	NaN	NaN	NaN
3140.000	NaN	NaN	NaN
3143.333	NaN	NaN	NaN
3146.667	NaN	NaN	NaN
3150.000	NaN	NaN	NaN
3153.333	NaN	NaN	NaN
3156.667	NaN	NaN	NaN
3160.000	NaN	NaN	NaN
3163.333	NaN	NaN	NaN
3166.667	NaN	NaN	NaN
3170.000	NaN	NaN	NaN
3173.333	NaN	NaN	NaN
3176.667	NaN	NaN	NaN
3180.000	NaN	NaN	NaN
3183.333	NaN	NaN	NaN
3186.667	NaN	NaN	NaN
3190.000	NaN	NaN	NaN
3193.333	NaN	NaN	NaN
3196.667	NaN	NaN	NaN
3200.000	NaN	NaN	NaN
3203.333	NaN	NaN	NaN
3206.667	NaN	NaN	NaN
3210.000	NaN	NaN	NaN
3213.333	NaN	NaN	NaN
3216.667	NaN	NaN	NaN
3220.000	NaN	NaN	NaN
3223.333	NaN	NaN	NaN
3226.667	NaN	NaN	NaN
3230.000	NaN	NaN	NaN
3233.333	NaN	NaN	NaN
3236.667	NaN	NaN	NaN
3240.000	NaN	NaN	NaN
3243.333	NaN	NaN	NaN
3246.667	NaN	NaN	NaN
3250.000	NaN	NaN	NaN
3253.333	NaN	NaN	NaN
3256.667	NaN	NaN	NaN
3260.000	NaN	NaN	NaN
3263.333	NaN	NaN	NaN
3266.667	NaN	NaN	NaN
3270.000	NaN	NaN	NaN
3273.333	NaN	NaN	NaN
3276.667	NaN	NaN	NaN
3280.000	NaN	NaN	NaN
3283.333	NaN	NaN	NaN
3286.667	NaN	NaN	NaN
3290.000	NaN	NaN	NaN
3293.333	NaN	NaN	NaN
3296.667	NaN	NaN	NaN
3300.000	NaN	NaN	NaN
3303.333	NaN	NaN	NaN
3306.667	NaN	NaN	NaN
3310.000	NaN	NaN	NaN
3313.333	NaN	NaN	NaN
3316.667	NaN	NaN	NaN
3320.000	NaN	NaN	NaN
3323.333	NaN	NaN	NaN
3326.667	NaN	NaN	NaN
3330.000	NaN	NaN	NaN
3333.333	NaN	NaN	NaN
3336.667	NaN	NaN	NaN
3340.000	NaN	NaN	NaN
3343.333	NaN	NaN	NaN
3346.667	NaN	NaN	NaN
3350.000	NaN	NaN	NaN
3353.333	NaN	NaN	NaN
3356.667	NaN	NaN	NaN
3360.000	NaN	NaN	NaN
3363.333	NaN	NaN	NaN
3366.667	NaN	NaN	NaN
3370.000	NaN	NaN	NaN
3373.333	NaN	NaN	NaN
3376.667	NaN	NaN	NaN
3380.000	1673.9	240.6	NaN
3383.333	1667.3	233.1	NaN
3386.667	1647.7	235.7	NaN
3390.000	1661.2	261.7	1725
3393.333	1668.5	257.7	2513
3396.667	1672.1	247.9	2317
3400.000	1647.4	274.5	1291
3403.333	1650.0	288.7	1183
3406.667	1653.7	283.6	916
3410.000	1655.4	263.7	721
3413.333	1650.2	268.8	1034
3416.667	1658.9	286.8	1703
3420.000	1648.7	302.3	1747
3423.333	1640.8	298.6	645
3426.667	1672.1	301.5	309
3430.000	1650.0	292.2	252
3433.333	1646.6	285.4	403
3436.667	1651.2	307.7	661
3440.000	1644.5	296.4	627
3443.333	1653.7	308.3	452
3446.667	1650.4	292.0	1145
3450.000	1656.0	304.8	1876
3453.333	1655.4	287.6	2934
3456.667	1671.0	292.5	2545
3460.000	1669.6	264.4	2279
3463.333	1682.5	252.4	955
3466.667	1668.9	266.9	1296
3470.000	1663.3	264.0	1640
3473.333	1669.1	277.2	1525
3476.667	1644.5	302.8	673
3480.000	1682.1	276.7	269
3483.333	1661.2	276.5	869
3486.667	1677.5	276.2	1015
3490.000	1660.4	274.4	1137
3493.333	1672.9	272.6	2371
3496.667	1677.9	289.9	1398
3500.000	1696.5	294.9	1026
3503.333	1640.8	332.5	1331
3506.667	1682.1	273.5	1782
3510.000	1695.4	273.6	1636
3513.333	1690.0	256.8	1655
3516.667	1693.4	287.9	1079
3520.000	1676.0	282.3	2183
3523.333	1672.9	278.2	3135
3526.667	1697.5	295.2	2055
3530.000	1685.0	318.1	3957
3533.333	1675.2	329.1	2162
3536.667	1699.2	306.7	1071
3540.000	1673.5	374.9	296
3543.333	1666.9	293.9	968
3546.667	1684.8	317.7	1597
3550.000	1685.8	321.4	3236
3553.333	1704.2	319.9	NaN
3556.667	1698.0	291.6	NaN
3560.000	1671.6	278.2	NaN
3563.333	NaN	NaN	NaN
3566.667	1696.3	290.0	NaN
3570.000	1676.0	267.7	NaN
3573.333	NaN	NaN	NaN
3576.667	NaN	NaN	NaN
3580.000	NaN	NaN	NaN
3583.333	NaN	NaN	NaN
3586.667	NaN	NaN	NaN
3590.000	NaN	NaN	NaN
3593.333	NaN	NaN	NaN
3596.667	NaN	NaN	NaN
3600.000	NaN	NaN	NaN
3603.333	NaN	NaN	NaN
3606.667	NaN	NaN	NaN
3610.000	NaN	NaN	NaN
3613.333	NaN	NaN	NaN
3616.667	NaN	NaN	NaN
3620.000	NaN	NaN	NaN
3623.333	NaN	NaN	NaN
3626.667	NaN	NaN	NaN
3630.000	NaN	NaN	NaN
3633.333	NaN	NaN	NaN
3636.667	NaN	NaN	NaN
3640.000	NaN	NaN	NaN
3643.333	NaN	NaN	NaN
3646.667	NaN	NaN	NaN
3650.000	NaN	NaN	NaN
3653.333	NaN	NaN	NaN
3656.667	NaN	NaN	NaN
3660.000	NaN	NaN	NaN
3663.333	NaN	NaN	NaN
3666.667	NaN	NaN	NaN
3670.000	NaN	NaN	NaN
3673.333	NaN	NaN	NaN
3676.667	NaN	NaN	NaN
3680.000	NaN	NaN	NaN
3683.333	NaN	NaN	NaN
3686.667	NaN	NaN	NaN
3690.000	NaN	NaN	NaN
3693.333	NaN	NaN	NaN
3696.667	NaN	NaN	NaN
3700.000	NaN	NaN	NaN
3703.333	NaN	NaN	NaN
3706.667	NaN	NaN	NaN
3710.000	NaN	NaN	NaN
3713.333	NaN	NaN	NaN
3716.667	NaN	NaN	NaN
3720.000	NaN	NaN	NaN
3723.333	NaN	NaN	NaN
3726.667	NaN	NaN	NaN
3730.000	NaN	NaN	NaN
3733.333	NaN	NaN	NaN
3736.667	NaN	NaN	NaN
3740.000	NaN	NaN	NaN
3743.333	NaN	NaN	NaN
3746.667	NaN	NaN	NaN
3750.000	NaN	NaN	NaN
3753.333	NaN	NaN	NaN
3756.667	NaN	NaN	NaN
3760.000	NaN	NaN	NaN
3763.333	NaN	NaN	NaN
3766.667	NaN	NaN	NaN
3770.000	NaN	NaN	NaN
3773.333	NaN	NaN	NaN
3776.667	NaN	NaN	NaN
3780.000	NaN	NaN	NaN
3783.333	NaN	NaN	NaN
3786.667	NaN	NaN	NaN
3790.000	NaN	NaN	NaN
3793.333	NaN	NaN	NaN
3796.667	NaN	NaN	NaN
3800.000	NaN	NaN	NaN
3803.333	NaN	NaN	NaN
3806.667	NaN	NaN	NaN
3810.000	NaN	NaN	NaN
3813.333	NaN	NaN	NaN
3816.667	NaN	NaN	NaN
3820.000	NaN	NaN	NaN
3823.333	NaN	NaN	NaN
3826.667	NaN	NaN	NaN
3830.000	NaN	NaN	NaN
3833.333	NaN	NaN	NaN
3836.667	NaN	NaN	NaN
3840.000	NaN	NaN	NaN
3843.333	NaN	NaN	NaN
3846.667	NaN	NaN	NaN
3850.000	NaN	NaN	NaN
3853.333	NaN	NaN	NaN
3856.667	NaN	NaN	NaN
3860.000	NaN	NaN	NaN
3863.333	NaN	NaN	NaN
3866.667	NaN	NaN	NaN
3870.000	NaN	NaN	NaN
3873.333	NaN	NaN	NaN
3876.667	NaN	NaN	NaN
3880.000	NaN	NaN	NaN
3883.333	NaN	NaN	NaN
3886.667	NaN	NaN	NaN
3890.000	NaN	NaN	NaN
3893.333	NaN	NaN	NaN
3896.667	NaN	NaN	NaN
3900.000	NaN	NaN	NaN
3903.333	NaN	NaN	NaN
3906.667	NaN	NaN	NaN
3910.000	NaN	NaN	NaN
3913.333	NaN	NaN	NaN
3916.667	NaN	NaN	NaN
3920.000	NaN	NaN	NaN
3923.333	NaN	NaN	NaN
3926.667	NaN	NaN	NaN
3930.000	NaN	NaN	NaN
3933.333	NaN	NaN	NaN
3936.667	NaN	NaN	NaN
3940.000	NaN	NaN	NaN
3943.333	NaN	NaN	NaN
3946.667	NaN	NaN	NaN
3950.000	NaN	NaN	NaN
3953.333	NaN	NaN	NaN
3956.667	NaN	NaN	NaN
3960.000	NaN	NaN	NaN
3963.333	NaN	NaN	NaN
3966.667	NaN	NaN	NaN
3970.000	NaN	NaN	NaN
3973.333	NaN	NaN	NaN
3976.667	NaN	NaN	NaN
3980.000	NaN	NaN	NaN
3983.333	NaN	NaN	NaN
3986.667	NaN	NaN	NaN
3990.000	NaN	NaN	NaN
3993.333	NaN	NaN	NaN
3996.667	NaN	NaN	NaN
4000.000	NaN	NaN	NaN
4003.333	NaN	NaN	NaN
4006.667	NaN	NaN	NaN
4010.000	NaN	NaN	NaN
4013.333	NaN	NaN	NaN
