time	x	y	v
0.000	988.4	526.8	598
3.333	994.2	524.3	598
6.667	990.3	532.0	598
10.000	992.6	528.2	598
13.333	991.3	535.4	501
16.667	995.3	536.5	155
20.000	994.6	534.7	57
23.333	997.8	533.5	322
26.667	990.0	531.1	431
30.000	991.1	531.3	274
33.333	998.6	530.5	365
36.667	994.2	526.7	152
40.000	997.6	531.7	187
43.333	999.0	526.0	359
46.667	989.8	534.4	122
50.000	989.6	529.1	200
53.333	996.3	535.8	537
56.667	998.4	526.7	888
60.000	1002.0	530.7	656
63.333	1004.5	528.6	565
66.667	1001.5	522.1	190
70.000	999.7	524.6	284
73.333	1001.9	523.7	579
76.667	1000.1	526.8	396
80.000	997.8	526.0	379
83.333	990.9	533.6	412
86.667	998.6	522.3	209
90.000	997.6	532.4	175
93.333	993.0	528.9	317
96.667	996.3	520.9	267
100.000	997.6	527.0	314
103.333	1001.9	533.8	487
106.667	999.6	528.3	121
110.000	997.6	536.0	226
113.333	1002.8	528.4	285
116.667	993.6	522.9	97
120.000	1002.2	527.3	129
123.333	1002.8	530.2	163
126.667	995.9	529.6	239
130.000	995.9	535.1	115
133.333	1008.4	520.5	270
136.667	999.2	526.8	318
140.000	1000.5	529.0	196
143.333	1004.7	527.6	293
146.667	1002.2	534.2	55
150.000	1004.2	524.7	110
153.333	998.0	526.6	163
156.667	1000.7	527.7	265
160.000	1001.3	530.6	276
163.333	1008.2	533.7	367
166.667	1006.7	525.7	341
170.000	1003.6	527.0	405
173.333	1004.9	532.9	607
176.667	1004.2	518.7	314
180.000	1004.5	525.6	286
183.333	997.1	522.3	273
186.667	1001.5	532.8	559
190.000	1001.9	532.1	257
193.333	1000.5	526.4	196
196.667	1000.5	531.7	293
200.000	994.8	523.2	231
203.333	1007.6	526.5	299
206.667	1003.6	529.4	357
210.000	1002.2	526.5	373
213.333	987.5	530.3	628
216.667	996.1	526.1	393
220.000	999.9	531.7	345
223.333	997.8	538.5	548
226.667	996.1	531.5	379
230.000	997.1	532.2	405
233.333	1002.4	535.5	520
236.667	1000.5	535.9	283
240.000	1006.8	525.6	163
243.333	1000.5	529.3	304
246.667	999.9	541.1	348
250.000	1003.8	530.8	740
253.333	1004.7	542.9	382
256.667	1000.5	534.7	373
260.000	1006.1	544.4	329
263.333	990.3	535.2	702
266.667	996.9	537.1	207
270.000	1002.4	532.2	618
273.333	988.8	534.3	573
276.667	1001.7	541.3	256
280.000	1006.1	522.7	461
283.333	1001.5	536.5	375
286.667	996.7	544.3	377
290.000	1001.7	540.8	468
293.333	996.3	538.3	316
296.667	1001.3	539.0	141
300.000	996.1	533.4	213
303.333	993.4	539.6	227
306.667	1000.1	550.6	398
310.000	997.1	537.1	123
313.333	991.7	537.4	386
316.667	991.3	541.2	349
320.000	1004.0	535.6	163
323.333	999.4	538.2	224
326.667	990.1	540.5	247
330.000	999.9	538.3	136
333.333	997.4	538.6	261
336.667	1003.0	540.5	159
340.000	995.9	537.4	648
343.333	999.2	532.9	506
346.667	994.4	540.8	464
350.000	987.3	527.1	137
353.333	994.0	540.2	124
356.667	995.9	533.1	108
360.000	996.7	541.4	235
363.333	993.4	534.1	249
366.667	992.6	536.5	176
370.000	996.3	528.8	712
373.333	990.9	538.2	1853
376.667	999.6	531.6	3662
380.000	1015.1	539.6	5476
383.333	1034.3	540.0	7312
386.667	1073.1	532.8	7619
390.000	1099.0	550.5	7434
393.333	1132.6	536.2	6824
396.667	1136.6	535.1	5931
400.000	1158.1	550.8	5363
403.333	1177.3	532.9	4790
406.667	1196.2	556.0	4178
410.000	1208.8	557.0	2561
413.333	1215.9	557.8	1319
416.667	1213.2	555.8	72
420.000	1205.0	553.9	425
423.333	1201.9	560.4	256
426.667	1204.0	557.2	771
430.000	1208.4	561.2	1257
433.333	1225.0	558.9	1062
436.667	1215.9	567.9	623
440.000	1223.2	566.7	231
443.333	1219.0	558.5	433
446.667	1216.5	560.4	571
450.000	1215.7	556.6	400
453.333	1220.4	557.0	206
456.667	1212.1	558.6	34
460.000	1215.9	561.3	465
463.333	1215.7	553.1	557
466.667	1217.7	562.4	605
470.000	1217.9	569.3	341
473.333	1219.4	566.5	127
476.667	1216.3	567.1	551
480.000	1219.4	560.2	603
483.333	1212.7	558.4	258
486.667	1214.6	555.9	219
490.000	1217.3	561.2	192
493.333	1216.9	564.6	248
496.667	1209.8	561.7	252
500.000	1218.0	549.6	470
503.333	1219.2	566.8	324
506.667	1219.2	561.8	874
510.000	1216.9	575.3	583
513.333	1215.6	560.8	169
516.667	1225.5	575.1	169
520.000	1225.3	559.3	280
523.333	1214.2	563.7	208
526.667	1221.3	566.2	326
530.000	1218.0	566.9	418
533.333	1215.7	566.0	400
536.667	1220.9	566.7	321
540.000	1220.2	570.1	242
543.333	1225.7	557.0	829
546.667	1219.6	562.8	909
550.000	1220.4	568.4	561
553.333	1223.6	542.6	391
556.667	1224.0	553.2	567
560.000	1217.3	562.1	237
563.333	1214.2	559.7	886
566.667	1218.6	578.2	445
570.000	1223.6	549.1	630
573.333	1223.0	567.5	1908
576.667	1226.1	563.5	3910
580.000	1224.0	574.2	3340
583.333	1231.1	502.1	2663
586.667	1240.7	488.8	1472
590.000	1222.3	518.8	319
593.333	1209.4	543.7	1924
596.667	1224.2	534.9	1751
600.000	1230.7	528.7	596
603.333	1220.5	527.7	698
606.667	1225.0	541.5	1199
610.000	1221.9	539.0	1685
613.333	1217.3	515.4	1032
616.667	1221.3	504.5	879
620.000	1221.5	501.7	819
623.333	1220.9	533.7	561
626.667	1231.5	523.3	29
630.000	1218.2	499.2	395
633.333	1229.2	500.3	839
636.667	1216.5	516.2	1825
640.000	1221.3	532.7	1702
643.333	1220.2	546.6	314
646.667	1219.4	536.0	2163
650.000	1224.4	518.2	3006
653.333	1223.0	507.5	3009
656.667	1236.9	479.2	2061
660.000	1234.6	497.1	844
663.333	1220.4	493.0	1585
666.667	1225.9	492.6	2072
670.000	1222.5	549.2	1769
673.333	1227.3	510.9	2581
676.667	1219.2	511.9	2011
680.000	1225.5	532.7	1529
683.333	1220.0	559.0	2543
686.667	1221.1	541.0	1882
690.000	1215.4	559.8	679
693.333	1217.3	554.1	225
696.667	1220.9	555.7	1065
700.000	1214.0	547.8	755
703.333	1219.2	561.8	723
706.667	1208.8	573.0	339
710.000	1215.7	567.9	1482
713.333	1217.1	559.4	3424
716.667	1217.5	556.1	3373
720.000	1218.4	510.4	1726
723.333	1219.6	501.2	1195
726.667	1224.2	530.5	236
730.000	1217.3	552.2	1008
733.333	1218.4	518.3	244
736.667	1220.7	526.9	858
740.000	1222.5	528.6	1200
743.333	1219.0	518.5	1134
746.667	1230.5	524.3	1255
750.000	1216.1	514.2	1297
753.333	1225.0	493.5	262
756.667	1215.6	513.0	360
760.000	1228.2	502.2	1442
763.333	1225.3	526.9	1703
766.667	1221.1	523.9	1347
770.000	1223.2	533.4	428
773.333	1228.6	525.2	861
776.667	1224.0	536.7	348
780.000	1222.1	507.8	937
783.333	1216.7	510.9	678
786.667	1218.0	539.7	118
790.000	1219.4	506.4	1540
793.333	1218.0	549.6	847
796.667	1225.9	514.0	534
800.000	1218.0	550.4	487
803.333	1226.3	524.9	1404
806.667	1222.3	541.2	487
810.000	1225.2	520.8	953
813.333	1227.3	505.7	350
816.667	1223.6	530.4	1468
820.000	1218.2	528.9	4675
823.333	1219.2	526.4	7608
826.667	1211.7	571.9	8856
830.000	1202.5	619.3	9219
833.333	1198.8	664.5	7693
836.667	1206.0	682.1	4545
840.000	1201.5	679.4	1005
843.333	1203.1	672.1	1789
846.667	1194.6	672.2	1553
850.000	1189.8	644.1	404
853.333	1186.2	642.9	3809
856.667	1189.1	679.2	7751
860.000	1208.6	696.0	11334
863.333	1227.3	758.3	13147
866.667	1266.6	795.7	12527
870.000	1282.2	830.7	12257
873.333	1270.3	882.7	9928
876.667	1270.7	893.9	7527
880.000	1399.3	887.4	NaN
883.333	1327.1	923.8	NaN
886.667	1287.6	946.6	NaN
890.000	NaN	NaN	NaN
893.333	NaN	NaN	NaN
896.667	NaN	NaN	NaN
900.000	NaN	NaN	NaN
903.333	NaN	NaN	NaN
906.667	NaN	NaN	NaN
910.000	1316.5	866.9	NaN
913.333	NaN	NaN	NaN
916.667	NaN	NaN	NaN
920.000	NaN	NaN	NaN
923.333	1208.1	781.2	NaN
926.667	1187.1	755.9	NaN
930.000	1182.7	727.2	NaN
933.333	1191.0	709.7	6174
936.667	1179.6	699.3	5923
940.000	1176.8	663.6	5177
943.333	1178.3	663.7	3933
946.667	1176.2	630.3	2799
950.000	1173.3	632.1	896
953.333	1158.5	648.9	1179
956.667	1164.1	637.6	2938
960.000	1170.0	657.7	2862
963.333	1177.9	679.4	2066
966.667	1178.1	686.8	1636
970.000	1174.8	679.9	591
973.333	1180.6	666.8	428
976.667	1183.7	675.4	586
980.000	1182.0	675.0	685
983.333	1182.1	679.6	734
986.667	1190.4	679.4	539
990.000	1188.7	677.8	310
993.333	1187.5	682.5	488
996.667	1193.5	677.1	735
1000.000	1181.2	683.4	601
1003.333	1177.2	689.0	638
1006.667	1186.8	690.1	284
1010.000	1183.7	683.9	198
1013.333	1180.8	692.0	438
1016.667	1183.9	677.5	373
1020.000	1179.5	684.4	535
1023.333	1182.9	681.4	748
1026.667	1190.4	683.0	341
1030.000	1187.1	674.9	173
1033.333	1185.0	673.2	293
1036.667	1187.7	681.5	354
1040.000	1180.4	682.8	474
1043.333	1183.3	672.5	532
1046.667	1183.5	680.7	515
1050.000	1177.9	681.8	293
1053.333	1174.1	675.4	615
1056.667	1177.7	682.7	353
1060.000	1182.0	670.4	168
1063.333	1167.9	688.9	361
1066.667	1181.4	686.8	270
1070.000	1176.4	677.4	377
1073.333	1176.8	684.6	903
1076.667	1184.4	671.2	613
1080.000	1178.7	672.9	181
1083.333	1177.5	674.1	164
1086.667	1175.6	674.2	283
1090.000	1174.3	681.2	313
1093.333	1182.1	673.1	342
1096.667	1179.6	676.8	213
1100.000	1181.4	679.0	176
1103.333	1182.5	672.3	300
1106.667	1177.0	677.5	149
1110.000	1178.3	674.5	561
1113.333	1175.4	677.3	770
1116.667	1180.4	676.8	610
1120.000	1168.9	685.9	626
1123.333	1180.2	688.8	138
1126.667	1179.3	684.0	307
1130.000	1168.5	684.1	756
1133.333	1179.6	677.4	820
1136.667	1177.3	674.6	477
1140.000	1180.6	676.3	704
1143.333	1185.2	673.2	526
1146.667	1171.2	677.2	510
1150.000	1166.6	663.3	561
1153.333	1176.8	674.9	211
1156.667	1170.4	676.3	207
1160.000	1173.3	666.6	348
1163.333	1176.0	675.3	82
1166.667	1170.8	676.3	150
1170.000	1172.0	673.1	404
1173.333	1174.1	673.3	237
1176.667	1167.6	675.4	519
1180.000	1177.3	680.1	491
1183.333	1178.5	677.1	423
1186.667	1181.0	667.2	260
1190.000	1173.9	688.0	128
1193.333	1169.5	682.3	56
1196.667	1174.8	678.3	215
1200.000	1179.6	673.9	612
1203.333	1180.8	675.8	519
1206.667	1176.0	672.2	150
1210.000	1170.0	676.7	332
1213.333	1178.1	668.4	414
1216.667	1175.4	679.3	671
1220.000	1173.9	678.5	276
1223.333	1169.1	676.8	147
1226.667	1166.8	686.3	221
1230.000	1174.5	672.4	241
1233.333	1176.8	671.8	336
1236.667	1173.7	678.7	310
1240.000	1174.5	679.3	552
1243.333	1174.7	678.8	520
1246.667	1172.9	671.7	520
1250.000	1168.5	687.5	381
1253.333	1170.6	681.0	333
1256.667	1165.4	684.4	1511
1260.000	1176.2	683.1	3553
1263.333	1164.1	676.5	7308
1266.667	1133.0	701.2	11395
1270.000	1087.9	707.4	15281
1273.333	1028.0	749.7	17640
1276.667	963.3	768.0	18402
1280.000	898.0	767.6	17859
1283.333	835.8	766.9	16820
1286.667	781.8	761.9	16168
1290.000	741.9	757.6	15400
1293.333	691.0	761.9	14731
1296.667	629.6	769.2	14774
1300.000	586.9	783.5	15046
1303.333	547.2	795.2	13861
1306.667	492.9	804.8	12295
1310.000	442.2	810.9	9603
1313.333	424.3	811.0	5818
1316.667	395.3	806.3	2147
1320.000	413.2	797.1	2116
1323.333	435.5	788.1	2526
1326.667	448.7	783.1	1945
1330.000	450.4	781.7	689
1333.333	437.4	783.3	1628
1336.667	422.4	781.1	1808
1340.000	423.7	780.4	1426
1343.333	411.3	783.1	539
1346.667	423.4	777.7	253
1350.000	419.1	784.8	522
1353.333	423.7	786.9	1022
1356.667	425.7	781.4	953
1360.000	430.1	780.8	1002
1363.333	435.1	773.1	724
1366.667	438.9	778.7	313
1370.000	435.8	784.4	150
1373.333	434.5	776.2	316
1376.667	432.2	781.1	169
1380.000	434.7	780.8	117
1383.333	430.3	777.1	221
1386.667	440.1	777.4	120
1390.000	436.4	785.2	223
1393.333	435.1	779.1	407
1396.667	433.5	778.8	597
1400.000	433.7	772.2	532
1403.333	426.8	773.4	111
1406.667	430.5	778.9	68
1410.000	430.7	774.8	186
1413.333	436.2	776.6	163
1416.667	428.5	775.9	294
1420.000	427.6	776.2	162
1423.333	434.5	774.4	168
1426.667	439.1	775.5	191
1430.000	431.6	774.7	160
1433.333	425.5	775.8	202
1436.667	428.5	781.5	162
1440.000	433.5	775.7	116
1443.333	433.9	768.6	270
1446.667	430.7	776.8	120
1450.000	429.9	779.0	302
1453.333	429.5	769.6	423
1456.667	435.6	784.2	423
1460.000	437.6	775.8	423
1463.333	431.6	780.1	423
