time	x	y	v
0.000	NaN	NaN	NaN
3.333	NaN	NaN	NaN
6.667	NaN	NaN	NaN
10.000	NaN	NaN	NaN
13.333	NaN	NaN	NaN
16.667	NaN	NaN	NaN
20.000	NaN	NaN	NaN
23.333	NaN	NaN	NaN
26.667	NaN	NaN	NaN
30.000	NaN	NaN	NaN
33.333	NaN	NaN	NaN
36.667	NaN	NaN	NaN
40.000	NaN	NaN	NaN
43.333	NaN	NaN	NaN
46.667	NaN	NaN	NaN
50.000	NaN	NaN	NaN
53.333	NaN	NaN	NaN
56.667	NaN	NaN	NaN
60.000	NaN	NaN	NaN
63.333	NaN	NaN	NaN
66.667	NaN	NaN	NaN
70.000	NaN	NaN	NaN
73.333	NaN	NaN	NaN
76.667	NaN	NaN	NaN
80.000	NaN	NaN	NaN
83.333	NaN	NaN	NaN
86.667	NaN	NaN	NaN
90.000	NaN	NaN	NaN
93.333	NaN	NaN	NaN
96.667	NaN	NaN	NaN
100.000	NaN	NaN	NaN
103.333	NaN	NaN	NaN
106.667	NaN	NaN	NaN
110.000	NaN	NaN	NaN
113.333	NaN	NaN	NaN
116.667	NaN	NaN	NaN
120.000	NaN	NaN	NaN
123.333	NaN	NaN	NaN
126.667	NaN	NaN	NaN
130.000	NaN	NaN	NaN
133.333	NaN	NaN	NaN
136.667	NaN	NaN	NaN
140.000	NaN	NaN	NaN
143.333	NaN	NaN	NaN
146.667	NaN	NaN	NaN
150.000	NaN	NaN	NaN
153.333	NaN	NaN	NaN
156.667	NaN	NaN	NaN
160.000	NaN	NaN	NaN
163.333	NaN	NaN	NaN
166.667	NaN	NaN	NaN
170.000	NaN	NaN	NaN
173.333	NaN	NaN	NaN
176.667	NaN	NaN	NaN
180.000	NaN	NaN	NaN
183.333	NaN	NaN	NaN
186.667	NaN	NaN	NaN
190.000	NaN	NaN	NaN
193.333	NaN	NaN	NaN
196.667	NaN	NaN	NaN
200.000	NaN	NaN	NaN
203.333	NaN	NaN	NaN
206.667	NaN	NaN	NaN
210.000	NaN	NaN	NaN
213.333	NaN	NaN	NaN
216.667	NaN	NaN	NaN
220.000	NaN	NaN	NaN
223.333	NaN	NaN	NaN
226.667	NaN	NaN	NaN
230.000	NaN	NaN	NaN
233.333	NaN	NaN	NaN
236.667	NaN	NaN	NaN
240.000	NaN	NaN	NaN
243.333	NaN	NaN	NaN
246.667	NaN	NaN	NaN
250.000	NaN	NaN	NaN
253.333	NaN	NaN	NaN
256.667	NaN	NaN	NaN
260.000	NaN	NaN	NaN
263.333	NaN	NaN	NaN
266.667	NaN	NaN	NaN
270.000	NaN	NaN	NaN
273.333	NaN	NaN	NaN
276.667	NaN	NaN	NaN
280.000	NaN	NaN	NaN
283.333	NaN	NaN	NaN
286.667	NaN	NaN	NaN
290.000	NaN	NaN	NaN
293.333	NaN	NaN	NaN
296.667	NaN	NaN	NaN
300.000	NaN	NaN	NaN
303.333	NaN	NaN	NaN
306.667	NaN	NaN	NaN
310.000	NaN	NaN	NaN
313.333	NaN	NaN	NaN
316.667	NaN	NaN	NaN
320.000	NaN	NaN	NaN
323.333	NaN	NaN	NaN
326.667	NaN	NaN	NaN
330.000	NaN	NaN	NaN
333.333	NaN	NaN	NaN
336.667	NaN	NaN	NaN
340.000	NaN	NaN	NaN
343.333	NaN	NaN	NaN
346.667	NaN	NaN	NaN
350.000	NaN	NaN	NaN
353.333	NaN	NaN	NaN
356.667	NaN	NaN	NaN
360.000	NaN	NaN	NaN
363.333	NaN	NaN	NaN
366.667	NaN	NaN	NaN
370.000	NaN	NaN	NaN
373.333	NaN	NaN	NaN
376.667	NaN	NaN	NaN
380.000	NaN	NaN	NaN
383.333	NaN	NaN	NaN
386.667	NaN	NaN	NaN
390.000	NaN	NaN	NaN
393.333	NaN	NaN	NaN
396.667	NaN	NaN	NaN
400.000	NaN	NaN	NaN
403.333	NaN	NaN	NaN
406.667	NaN	NaN	NaN
410.000	NaN	NaN	NaN
413.333	NaN	NaN	NaN
416.667	NaN	NaN	NaN
420.000	NaN	NaN	NaN
423.333	NaN	NaN	NaN
426.667	NaN	NaN	NaN
430.000	NaN	NaN	NaN
433.333	NaN	NaN	NaN
436.667	NaN	NaN	NaN
440.000	NaN	NaN	NaN
443.333	NaN	NaN	NaN
446.667	NaN	NaN	NaN
450.000	NaN	NaN	NaN
453.333	NaN	NaN	NaN
456.667	NaN	NaN	NaN
460.000	NaN	NaN	NaN
463.333	NaN	NaN	NaN
466.667	NaN	NaN	NaN
470.000	NaN	NaN	NaN
473.333	NaN	NaN	NaN
476.667	NaN	NaN	NaN
480.000	NaN	NaN	NaN
483.333	NaN	NaN	NaN
486.667	NaN	NaN	NaN
490.000	NaN	NaN	NaN
493.333	NaN	NaN	NaN
496.667	NaN	NaN	NaN
500.000	NaN	NaN	NaN
503.333	NaN	NaN	NaN
506.667	NaN	NaN	NaN
510.000	NaN	NaN	NaN
513.333	NaN	NaN	NaN
516.667	NaN	NaN	NaN
520.000	NaN	NaN	NaN
523.333	NaN	NaN	NaN
526.667	NaN	NaN	NaN
530.000	NaN	NaN	NaN
533.333	NaN	NaN	NaN
536.667	NaN	NaN	NaN
540.000	NaN	NaN	NaN
543.333	NaN	NaN	NaN
546.667	NaN	NaN	NaN
550.000	NaN	NaN	NaN
553.333	NaN	NaN	NaN
556.667	NaN	NaN	NaN
560.000	NaN	NaN	NaN
563.333	NaN	NaN	NaN
566.667	NaN	NaN	NaN
570.000	NaN	NaN	NaN
573.333	NaN	NaN	NaN
576.667	NaN	NaN	NaN
580.000	NaN	NaN	NaN
583.333	NaN	NaN	NaN
586.667	NaN	NaN	NaN
590.000	NaN	NaN	NaN
593.333	NaN	NaN	NaN
596.667	NaN	NaN	NaN
600.000	NaN	NaN	NaN
603.333	NaN	NaN	NaN
606.667	NaN	NaN	NaN
610.000	NaN	NaN	NaN
613.333	NaN	NaN	NaN
616.667	NaN	NaN	NaN
620.000	NaN	NaN	NaN
623.333	NaN	NaN	NaN
626.667	NaN	NaN	NaN
630.000	NaN	NaN	NaN
633.333	NaN	NaN	NaN
636.667	NaN	NaN	NaN
640.000	NaN	NaN	NaN
643.333	NaN	NaN	NaN
646.667	NaN	NaN	NaN
650.000	NaN	NaN	NaN
653.333	NaN	NaN	NaN
656.667	NaN	NaN	NaN
660.000	NaN	NaN	NaN
663.333	NaN	NaN	NaN
666.667	NaN	NaN	NaN
670.000	NaN	NaN	NaN
673.333	NaN	NaN	NaN
676.667	NaN	NaN	NaN
680.000	NaN	NaN	NaN
683.333	NaN	NaN	NaN
686.667	NaN	NaN	NaN
690.000	NaN	NaN	NaN
693.333	NaN	NaN	NaN
696.667	NaN	NaN	NaN
700.000	NaN	NaN	NaN
703.333	NaN	NaN	NaN
706.667	NaN	NaN	NaN
710.000	NaN	NaN	NaN
713.333	NaN	NaN	NaN
716.667	NaN	NaN	NaN
720.000	NaN	NaN	NaN
723.333	NaN	NaN	NaN
726.667	NaN	NaN	NaN
730.000	NaN	NaN	NaN
733.333	NaN	NaN	NaN
736.667	NaN	NaN	NaN
740.000	NaN	NaN	NaN
743.333	NaN	NaN	NaN
746.667	NaN	NaN	NaN
750.000	NaN	NaN	NaN
753.333	NaN	NaN	NaN
756.667	NaN	NaN	NaN
760.000	NaN	NaN	NaN
763.333	NaN	NaN	NaN
766.667	NaN	NaN	NaN
770.000	NaN	NaN	NaN
773.333	NaN	NaN	NaN
776.667	NaN	NaN	NaN
780.000	NaN	NaN	NaN
783.333	NaN	NaN	NaN
786.667	NaN	NaN	NaN
790.000	NaN	NaN	NaN
793.333	NaN	NaN	NaN
796.667	NaN	NaN	NaN
800.000	NaN	NaN	NaN
803.333	NaN	NaN	NaN
806.667	NaN	NaN	NaN
810.000	NaN	NaN	NaN
813.333	NaN	NaN	NaN
816.667	NaN	NaN	NaN
820.000	NaN	NaN	NaN
823.333	NaN	NaN	NaN
826.667	NaN	NaN	NaN
830.000	NaN	NaN	NaN
833.333	NaN	NaN	NaN
836.667	NaN	NaN	NaN
840.000	NaN	NaN	NaN
843.333	NaN	NaN	NaN
846.667	NaN	NaN	NaN
850.000	NaN	NaN	NaN
853.333	NaN	NaN	NaN
856.667	NaN	NaN	NaN
860.000	NaN	NaN	NaN
863.333	NaN	NaN	NaN
866.667	NaN	NaN	NaN
870.000	NaN	NaN	NaN
873.333	NaN	NaN	NaN
876.667	NaN	NaN	NaN
880.000	NaN	NaN	NaN
883.333	NaN	NaN	NaN
886.667	NaN	NaN	NaN
890.000	NaN	NaN	NaN
893.333	NaN	NaN	NaN
896.667	NaN	NaN	NaN
900.000	NaN	NaN	NaN
903.333	NaN	NaN	NaN
906.667	NaN	NaN	NaN
910.000	NaN	NaN	NaN
913.333	NaN	NaN	NaN
916.667	NaN	NaN	NaN
920.000	NaN	NaN	NaN
923.333	NaN	NaN	NaN
926.667	NaN	NaN	NaN
930.000	NaN	NaN	NaN
933.333	NaN	NaN	NaN
936.667	NaN	NaN	NaN
940.000	NaN	NaN	NaN
943.333	NaN	NaN	NaN
946.667	NaN	NaN	NaN
950.000	NaN	NaN	NaN
953.333	NaN	NaN	NaN
956.667	NaN	NaN	NaN
960.000	NaN	NaN	NaN
963.333	NaN	NaN	NaN
966.667	NaN	NaN	NaN
970.000	NaN	NaN	NaN
973.333	NaN	NaN	NaN
976.667	NaN	NaN	NaN
980.000	NaN	NaN	NaN
983.333	NaN	NaN	NaN
986.667	NaN	NaN	NaN
990.000	NaN	NaN	NaN
993.333	NaN	NaN	NaN
996.667	NaN	NaN	NaN
1000.000	NaN	NaN	NaN
1003.333	NaN	NaN	NaN
1006.667	NaN	NaN	NaN
1010.000	NaN	NaN	NaN
1013.333	NaN	NaN	NaN
1016.667	NaN	NaN	NaN
1020.000	NaN	NaN	NaN
1023.333	NaN	NaN	NaN
1026.667	NaN	NaN	NaN
1030.000	NaN	NaN	NaN
1033.333	NaN	NaN	NaN
1036.667	NaN	NaN	NaN
1040.000	NaN	NaN	NaN
1043.333	NaN	NaN	NaN
1046.667	NaN	NaN	NaN
1050.000	NaN	NaN	NaN
1053.333	NaN	NaN	NaN
1056.667	NaN	NaN	NaN
1060.000	NaN	NaN	NaN
1063.333	NaN	NaN	NaN
1066.667	NaN	NaN	NaN
1070.000	NaN	NaN	NaN
1073.333	NaN	NaN	NaN
1076.667	NaN	NaN	NaN
1080.000	NaN	NaN	NaN
1083.333	NaN	NaN	NaN
1086.667	NaN	NaN	NaN
1090.000	NaN	NaN	NaN
1093.333	NaN	NaN	NaN
1096.667	NaN	NaN	NaN
1100.000	NaN	NaN	NaN
1103.333	NaN	NaN	NaN
1106.667	NaN	NaN	NaN
1110.000	NaN	NaN	NaN
1113.333	NaN	NaN	NaN
1116.667	NaN	NaN	NaN
1120.000	NaN	NaN	NaN
1123.333	NaN	NaN	NaN
1126.667	NaN	NaN	NaN
1130.000	NaN	NaN	NaN
1133.333	NaN	NaN	NaN
1136.667	NaN	NaN	NaN
1140.000	NaN	NaN	NaN
1143.333	NaN	NaN	NaN
1146.667	NaN	NaN	NaN
1150.000	NaN	NaN	NaN
1153.333	NaN	NaN	NaN
1156.667	NaN	NaN	NaN
1160.000	NaN	NaN	NaN
1163.333	NaN	NaN	NaN
1166.667	NaN	NaN	NaN
1170.000	NaN	NaN	NaN
1173.333	NaN	NaN	NaN
1176.667	NaN	NaN	NaN
1180.000	NaN	NaN	NaN
1183.333	NaN	NaN	NaN
1186.667	NaN	NaN	NaN
1190.000	NaN	NaN	NaN
1193.333	NaN	NaN	NaN
1196.667	NaN	NaN	NaN
1200.000	NaN	NaN	NaN
1203.333	NaN	NaN	NaN
1206.667	NaN	NaN	NaN
1210.000	NaN	NaN	NaN
1213.333	NaN	NaN	NaN
1216.667	NaN	NaN	NaN
1220.000	NaN	NaN	NaN
1223.333	NaN	NaN	NaN
1226.667	NaN	NaN	NaN
1230.000	NaN	NaN	NaN
1233.333	NaN	NaN	NaN
1236.667	NaN	NaN	NaN
1240.000	NaN	NaN	NaN
1243.333	NaN	NaN	NaN
1246.667	NaN	NaN	NaN
1250.000	NaN	NaN	NaN
1253.333	NaN	NaN	NaN
1256.667	NaN	NaN	NaN
1260.000	NaN	NaN	NaN
1263.333	NaN	NaN	NaN
1266.667	NaN	NaN	NaN
1270.000	NaN	NaN	NaN
1273.333	NaN	NaN	NaN
1276.667	NaN	NaN	NaN
1280.000	NaN	NaN	NaN
1283.333	NaN	NaN	NaN
1286.667	NaN	NaN	NaN
1290.000	NaN	NaN	NaN
1293.333	NaN	NaN	NaN
1296.667	NaN	NaN	NaN
1300.000	NaN	NaN	NaN
1303.333	NaN	NaN	NaN
1306.667	NaN	NaN	NaN
1310.000	NaN	NaN	NaN
1313.333	NaN	NaN	NaN
1316.667	NaN	NaN	NaN
1320.000	NaN	NaN	NaN
1323.333	NaN	NaN	NaN
1326.667	NaN	NaN	NaN
1330.000	NaN	NaN	NaN
1333.333	NaN	NaN	NaN
1336.667	NaN	NaN	NaN
1340.000	NaN	NaN	NaN
1343.333	NaN	NaN	NaN
1346.667	NaN	NaN	NaN
1350.000	NaN	NaN	NaN
1353.333	NaN	NaN	NaN
1356.667	NaN	NaN	NaN
1360.000	NaN	NaN	NaN
1363.333	NaN	NaN	NaN
1366.667	NaN	NaN	NaN
1370.000	NaN	NaN	NaN
1373.333	NaN	NaN	NaN
1376.667	NaN	NaN	NaN
1380.000	NaN	NaN	NaN
1383.333	NaN	NaN	NaN
1386.667	NaN	NaN	NaN
1390.000	NaN	NaN	NaN
1393.333	NaN	NaN	NaN
1396.667	NaN	NaN	NaN
1400.000	NaN	NaN	NaN
1403.333	NaN	NaN	NaN
1406.667	NaN	NaN	NaN
1410.000	NaN	NaN	NaN
1413.333	NaN	NaN	NaN
1416.667	NaN	NaN	NaN
1420.000	NaN	NaN	NaN
1423.333	NaN	NaN	NaN
1426.667	NaN	NaN	NaN
1430.000	NaN	NaN	NaN
1433.333	NaN	NaN	NaN
1436.667	NaN	NaN	NaN
1440.000	NaN	NaN	NaN
1443.333	NaN	NaN	NaN
1446.667	NaN	NaN	NaN
1450.000	NaN	NaN	NaN
1453.333	NaN	NaN	NaN
1456.667	NaN	NaN	NaN
1460.000	NaN	NaN	NaN
1463.333	NaN	NaN	NaN
1466.667	NaN	NaN	NaN
1470.000	NaN	NaN	NaN
1473.333	NaN	NaN	NaN
1476.667	NaN	NaN	NaN
1480.000	NaN	NaN	NaN
1483.333	NaN	NaN	NaN
1486.667	NaN	NaN	NaN
1490.000	NaN	NaN	NaN
1493.333	NaN	NaN	NaN
1496.667	NaN	NaN	NaN
1500.000	NaN	NaN	NaN
1503.333	NaN	NaN	NaN
1506.667	NaN	NaN	NaN
1510.000	NaN	NaN	NaN
1513.333	NaN	NaN	NaN
1516.667	NaN	NaN	NaN
1520.000	NaN	NaN	NaN
1523.333	NaN	NaN	NaN
1526.667	NaN	NaN	NaN
1530.000	NaN	NaN	NaN
1533.333	NaN	NaN	NaN
1536.667	NaN	NaN	NaN
1540.000	NaN	NaN	NaN
1543.333	NaN	NaN	NaN
1546.667	NaN	NaN	NaN
1550.000	NaN	NaN	NaN
1553.333	NaN	NaN	NaN
1556.667	NaN	NaN	NaN
1560.000	NaN	NaN	NaN
1563.333	NaN	NaN	NaN
1566.667	NaN	NaN	NaN
1570.000	NaN	NaN	NaN
1573.333	NaN	NaN	NaN
1576.667	NaN	NaN	NaN
1580.000	NaN	NaN	NaN
1583.333	NaN	NaN	NaN
1586.667	NaN	NaN	NaN
1590.000	NaN	NaN	NaN
1593.333	NaN	NaN	NaN
1596.667	NaN	NaN	NaN
1600.000	NaN	NaN	NaN
1603.333	NaN	NaN	NaN
1606.667	NaN	NaN	NaN
1610.000	NaN	NaN	NaN
1613.333	NaN	NaN	NaN
1616.667	NaN	NaN	NaN
1620.000	NaN	NaN	NaN
1623.333	NaN	NaN	NaN
1626.667	NaN	NaN	NaN
1630.000	NaN	NaN	NaN
1633.333	NaN	NaN	NaN
1636.667	NaN	NaN	NaN
1640.000	NaN	NaN	NaN
1643.333	NaN	NaN	NaN
1646.667	NaN	NaN	NaN
1650.000	NaN	NaN	NaN
1653.333	NaN	NaN	NaN
1656.667	NaN	NaN	NaN
1660.000	NaN	NaN	NaN
1663.333	NaN	NaN	NaN
1666.667	NaN	NaN	NaN
1670.000	NaN	NaN	NaN
1673.333	NaN	NaN	NaN
1676.667	NaN	NaN	NaN
1680.000	NaN	NaN	NaN
1683.333	NaN	NaN	NaN
1686.667	NaN	NaN	NaN
1690.000	NaN	NaN	NaN
1693.333	NaN	NaN	NaN
1696.667	NaN	NaN	NaN
1700.000	NaN	NaN	NaN
1703.333	NaN	NaN	NaN
1706.667	NaN	NaN	NaN
1710.000	NaN	NaN	NaN
1713.333	NaN	NaN	NaN
1716.667	NaN	NaN	NaN
1720.000	NaN	NaN	NaN
1723.333	NaN	NaN	NaN
1726.667	NaN	NaN	NaN
1730.000	NaN	NaN	NaN
1733.333	NaN	NaN	NaN
1736.667	NaN	NaN	NaN
1740.000	745.5	403.6	NaN
1743.333	717.9	481.9	NaN
1746.667	707.1	474.3	NaN
1750.000	703.3	483.6	3087
1753.333	697.5	486.5	716
1756.667	700.6	492.7	330
1760.000	707.5	472.6	492
1763.333	702.5	495.5	787
1766.667	702.3	481.1	1310
1770.000	700.4	501.6	2183
1773.333	708.1	500.7	1968
1776.667	697.5	512.6	2267
1780.000	710.4	522.6	1761
1783.333	711.2	524.0	1555
1786.667	709.2	527.8	NaN
1790.000	710.2	532.3	NaN
1793.333	711.6	532.8	NaN
1796.667	NaN	NaN	NaN
1800.000	NaN	NaN	NaN
1803.333	NaN	NaN	NaN
1806.667	NaN	NaN	NaN
1810.000	NaN	NaN	NaN
1813.333	714.2	544.0	NaN
1816.667	721.0	556.5	NaN
1820.000	721.2	560.2	NaN
1823.333	719.4	555.0	1327
1826.667	726.0	567.6	1116
1830.000	722.5	571.8	1075
1833.333	728.4	569.1	1374
1836.667	719.0	579.5	1221
1840.000	719.8	576.8	1184
1843.333	708.9	586.0	1210
1846.667	711.7	583.1	782
1850.000	719.0	592.4	415
1853.333	722.7	595.1	596
1856.667	719.2	588.9	484
1860.000	711.4	583.6	332
1863.333	723.5	575.1	272
1866.667	721.5	586.3	96
1870.000	718.7	592.5	518
1873.333	718.5	583.4	803
1876.667	717.7	585.8	517
1880.000	719.6	593.2	524
1883.333	721.5	597.5	734
1886.667	725.8	594.4	595
1890.000	721.3	595.0	477
1893.333	719.4	599.1	685
1896.667	724.4	600.0	909
1900.000	723.8	604.3	719
1903.333	728.8	609.3	540
1906.667	724.4	611.0	441
1910.000	720.4	606.0	206
1913.333	714.4	607.9	116
1916.667	722.9	607.4	613
1920.000	724.8	605.6	900
1923.333	731.3	612.1	879
1926.667	731.5	614.3	471
1930.000	731.9	611.2	349
1933.333	733.1	607.5	373
1936.667	728.1	616.2	381
1940.000	736.1	600.2	541
1943.333	734.4	609.3	279
1946.667	737.3	609.7	190
1950.000	734.6	597.0	226
1953.333	731.9	609.2	235
1956.667	733.8	609.2	282
1960.000	737.9	607.4	76
1963.333	728.3	602.6	365
1966.667	732.7	601.0	410
1970.000	737.3	602.7	628
1973.333	734.2	604.7	413
1976.667	725.6	600.8	389
1980.000	724.8	594.1	116
1983.333	727.5	599.7	378
1986.667	730.6	603.8	771
1990.000	735.9	601.9	516
1993.333	730.2	590.0	463
1996.667	733.4	583.5	219
2000.000	731.3	597.2	425
2003.333	727.5	595.8	428
2006.667	729.0	604.8	416
2010.000	730.0	597.9	389
2013.333	728.4	590.3	312
2016.667	724.4	595.5	291
2020.000	730.2	590.7	615
2023.333	733.6	597.8	783
2026.667	733.6	609.7	970
2030.000	733.2	600.7	1308
2033.333	744.0	589.7	2962
2036.667	745.3	591.9	5709
2040.000	758.2	590.7	8357
2043.333	798.5	578.6	11137
2046.667	848.4	553.7	14360
2050.000	884.4	525.5	16060
2053.333	922.0	474.2	16493
2056.667	970.9	427.4	15287
2060.000	997.8	392.5	14540
2063.333	1030.8	353.9	13858
2066.667	1069.8	367.3	13869
2070.000	1090.2	306.0	13669
2073.333	1108.0	244.1	14446
2076.667	1158.1	214.4	14332
2080.000	1208.4	233.6	12471
2083.333	1237.1	159.3	8648
2086.667	1255.5	155.1	4342
2090.000	1266.4	138.7	1612
2093.333	1251.3	183.0	2047
2096.667	1251.3	224.0	1241
2100.000	1250.5	183.2	1039
2103.333	1266.4	172.3	2496
2106.667	1278.9	163.5	1915
2110.000	1275.3	168.4	1395
2113.333	1283.7	174.9	2277
2116.667	1267.4	187.8	2787
2120.000	1277.4	201.2	2396
2123.333	1265.9	211.4	1336
2126.667	1260.9	208.7	441
2130.000	1267.6	208.8	613
2133.333	1271.4	196.0	760
2136.667	1276.6	179.7	479
2140.000	1258.9	209.1	590
2143.333	1267.2	197.3	430
2146.667	1278.5	205.1	128
2150.000	1276.6	181.9	854
2153.333	1259.9	208.3	326
2156.667	1276.8	185.4	766
2160.000	1278.9	198.6	895
2163.333	1276.6	203.4	189
2166.667	1270.1	217.7	1808
2170.000	1276.6	196.7	1234
2173.333	1263.9	188.7	1935
2176.667	1233.6	212.7	2038
2180.000	1271.4	198.4	1778
2183.333	1252.4	163.9	NaN
2186.667	1224.2	214.5	NaN
2190.000	1250.9	164.9	NaN
2193.333	NaN	NaN	NaN
2196.667	1252.4	190.3	NaN
2200.000	1222.8	238.7	NaN
2203.333	NaN	NaN	NaN
2206.667	NaN	NaN	NaN
2210.000	NaN	NaN	NaN
2213.333	1219.4	251.9	NaN
2216.667	NaN	NaN	NaN
2220.000	NaN	NaN	NaN
2223.333	NaN	NaN	NaN
2226.667	NaN	NaN	NaN
2230.000	NaN	NaN	NaN
2233.333	NaN	NaN	NaN
2236.667	NaN	NaN	NaN
2240.000	NaN	NaN	NaN
2243.333	NaN	NaN	NaN
2246.667	NaN	NaN	NaN
2250.000	NaN	NaN	NaN
2253.333	NaN	NaN	NaN
2256.667	NaN	NaN	NaN
2260.000	NaN	NaN	NaN
2263.333	NaN	NaN	NaN
2266.667	NaN	NaN	NaN
2270.000	NaN	NaN	NaN
2273.333	NaN	NaN	NaN
2276.667	NaN	NaN	NaN
2280.000	NaN	NaN	NaN
2283.333	NaN	NaN	NaN
2286.667	NaN	NaN	NaN
2290.000	NaN	NaN	NaN
2293.333	NaN	NaN	NaN
2296.667	NaN	NaN	NaN
2300.000	NaN	NaN	NaN
2303.333	NaN	NaN	NaN
2306.667	NaN	NaN	NaN
2310.000	NaN	NaN	NaN
2313.333	NaN	NaN	NaN
2316.667	NaN	NaN	NaN
2320.000	NaN	NaN	NaN
2323.333	NaN	NaN	NaN
2326.667	NaN	NaN	NaN
2330.000	NaN	NaN	NaN
2333.333	NaN	NaN	NaN
2336.667	NaN	NaN	NaN
2340.000	NaN	NaN	NaN
2343.333	NaN	NaN	NaN
2346.667	NaN	NaN	NaN
2350.000	NaN	NaN	NaN
2353.333	NaN	NaN	NaN
2356.667	NaN	NaN	NaN
2360.000	NaN	NaN	NaN
2363.333	NaN	NaN	NaN
2366.667	NaN	NaN	NaN
2370.000	NaN	NaN	NaN
2373.333	NaN	NaN	NaN
2376.667	NaN	NaN	NaN
2380.000	NaN	NaN	NaN
2383.333	NaN	NaN	NaN
2386.667	NaN	NaN	NaN
2390.000	NaN	NaN	NaN
2393.333	NaN	NaN	NaN
2396.667	NaN	NaN	NaN
2400.000	NaN	NaN	NaN
2403.333	NaN	NaN	NaN
2406.667	NaN	NaN	NaN
2410.000	NaN	NaN	NaN
2413.333	NaN	NaN	NaN
2416.667	NaN	NaN	NaN
2420.000	NaN	NaN	NaN
2423.333	NaN	NaN	NaN
2426.667	NaN	NaN	NaN
2430.000	NaN	NaN	NaN
2433.333	NaN	NaN	NaN
2436.667	NaN	NaN	NaN
2440.000	NaN	NaN	NaN
2443.333	NaN	NaN	NaN
2446.667	NaN	NaN	NaN
2450.000	NaN	NaN	NaN
2453.333	NaN	NaN	NaN
2456.667	NaN	NaN	NaN
2460.000	NaN	NaN	NaN
2463.333	NaN	NaN	NaN
2466.667	NaN	NaN	NaN
2470.000	NaN	NaN	NaN
2473.333	NaN	NaN	NaN
2476.667	NaN	NaN	NaN
2480.000	NaN	NaN	NaN
2483.333	NaN	NaN	NaN
2486.667	NaN	NaN	NaN
2490.000	NaN	NaN	NaN
2493.333	NaN	NaN	NaN
2496.667	NaN	NaN	NaN
2500.000	NaN	NaN	NaN
2503.333	NaN	NaN	NaN
2506.667	NaN	NaN	NaN
2510.000	NaN	NaN	NaN
2513.333	NaN	NaN	NaN
2516.667	NaN	NaN	NaN
2520.000	NaN	NaN	NaN
2523.333	NaN	NaN	NaN
2526.667	NaN	NaN	NaN
2530.000	NaN	NaN	NaN
2533.333	NaN	NaN	NaN
2536.667	NaN	NaN	NaN
2540.000	NaN	NaN	NaN
2543.333	NaN	NaN	NaN
2546.667	NaN	NaN	NaN
2550.000	NaN	NaN	NaN
2553.333	1273.0	226.3	NaN
2556.667	1280.8	220.6	NaN
2560.000	1291.6	226.3	NaN
2563.333	1274.7	232.3	2523
2566.667	1281.0	239.4	3085
2570.000	1285.2	259.1	3495
2573.333	1287.6	273.5	NaN
2576.667	1276.6	276.2	NaN
2580.000	1278.3	294.0	NaN
2583.333	NaN	NaN	NaN
2586.667	NaN	NaN	NaN
2590.000	1268.5	252.9	NaN
2593.333	1266.6	253.6	NaN
2596.667	NaN	NaN	NaN
2600.000	NaN	NaN	NaN
2603.333	NaN	NaN	NaN
2606.667	NaN	NaN	NaN
2610.000	NaN	NaN	NaN
2613.333	1256.1	257.4	NaN
2616.667	1266.2	270.3	NaN
2620.000	1264.9	239.7	NaN
2623.333	1262.8	253.9	326
2626.667	1264.9	255.2	256
2630.000	1265.3	262.0	1098
2633.333	1265.9	253.4	396
2636.667	1270.7	263.8	300
2640.000	1269.9	266.1	571
2643.333	1267.2	253.8	148
2646.667	1271.6	256.7	85
2650.000	1262.2	245.4	406
2653.333	1266.4	267.7	572
2656.667	1272.0	266.0	371
2660.000	1258.6	262.2	604
2663.333	1266.8	260.1	478
2666.667	1266.2	259.2	537
2670.000	1261.2	271.6	656
2673.333	1263.2	252.4	394
2676.667	1256.8	259.5	382
2680.000	1252.6	280.0	177
2683.333	1267.0	256.7	287
2686.667	1261.8	271.1	340
2690.000	1263.4	263.1	311
2693.333	1257.8	261.7	444
2696.667	1263.0	263.2	462
2700.000	1264.5	273.2	626
2703.333	1262.2	268.7	72
2706.667	1266.0	276.7	144
2710.000	1263.0	270.1	578
2713.333	1259.5	255.7	945
2716.667	1268.2	270.4	971
2720.000	1260.3	261.3	329
2723.333	1264.3	249.5	517
2726.667	1270.8	259.0	57
2730.000	1262.6	266.5	127
2733.333	1264.9	274.3	297
2736.667	1264.3	254.9	698
2740.000	1260.5	256.1	283
2743.333	1262.0	258.6	283
2746.667	1252.4	278.1	727
2750.000	1263.7	259.0	1065
2753.333	1260.9	269.5	702
2756.667	1260.1	268.2	324
2760.000	1249.3	284.3	636
2763.333	1258.2	272.1	597
2766.667	1250.9	260.1	656
2770.000	1251.8	268.7	786
2773.333	1249.3	285.7	493
2776.667	1257.0	248.6	775
2780.000	1260.1	268.8	1057
2783.333	1258.2	259.7	1069
2786.667	1255.1	250.8	131
2790.000	1261.1	258.2	49
2793.333	1263.0	255.4	200
2796.667	1256.8	255.0	551
2800.000	1257.4	269.2	876
2803.333	1263.6	251.4	1013
2806.667	1255.9	267.8	285
2810.000	1261.6	278.3	711
2813.333	1259.1	271.8	444
2816.667	1259.9	252.4	707
2820.000	1267.4	246.9	334
2823.333	1266.6	264.7	382
2826.667	1251.6	263.3	1107
2830.000	1261.6	269.9	1425
2833.333	1258.9	265.8	801
2836.667	1258.9	271.5	266
2840.000	1262.6	285.2	846
2843.333	1254.0	273.7	1236
2846.667	1262.6	258.7	1234
2850.000	1255.3	248.2	528
2853.333	1262.6	251.7	494
2856.667	1258.2	264.0	1136
2860.000	1249.3	281.3	1182
2863.333	1251.6	264.8	501
2866.667	1256.6	270.6	442
2870.000	1262.2	272.1	737
2873.333	1258.4	265.5	513
2876.667	1260.5	265.1	653
2880.000	1265.3	278.0	987
2883.333	1261.1	268.7	736
2886.667	1254.3	289.0	218
2890.000	1260.3	285.6	502
2893.333	1261.4	271.1	635
2896.667	1260.1	270.1	816
2900.000	1266.0	267.6	457
2903.333	1260.1	269.6	335
2906.667	1260.9	276.7	376
2910.000	1254.3	269.2	117
2913.333	1264.1	278.6	421
2916.667	1271.0	254.1	245
2920.000	1257.8	280.9	41
2923.333	1264.9	261.7	270
2926.667	1260.9	275.2	385
2930.000	1257.4	268.5	325
2933.333	1263.9	269.5	362
2936.667	1266.4	271.1	74
2940.000	1261.1	267.9	434
2943.333	1267.2	275.5	205
2946.667	1257.4	270.1	210
2950.000	1268.0	278.4	298
2953.333	1263.9	270.2	219
2956.667	1259.9	273.5	302
2960.000	1258.2	276.7	108
2963.333	1262.6	272.2	282
2966.667	1270.1	278.2	423
2970.000	1266.2	272.7	459
2973.333	1264.1	267.6	466
2976.667	1259.5	267.1	584
2980.000	1264.1	269.5	255
2983.333	1254.9	284.0	444
2986.667	1261.2	277.9	211
2990.000	1262.4	263.3	432
2993.333	1250.9	273.7	558
2996.667	1260.1	274.3	415
3000.000	1253.6	269.0	116
3003.333	1261.4	268.9	205
3006.667	1249.7	269.4	106
3010.000	1260.3	270.6	484
3013.333	1254.7	270.2	372
3016.667	1256.4	273.3	260
3020.000	1251.1	280.3	469
3023.333	1255.7	270.5	308
3026.667	1255.1	274.1	269
3030.000	1254.3	282.3	421
3033.333	1257.0	275.6	145
3036.667	1260.7	269.4	100
3040.000	1258.9	275.0	188
3043.333	1254.5	277.1	55
3046.667	1257.2	276.6	89
3050.000	1261.1	275.7	410
3053.333	1255.7	270.4	509
3056.667	1260.3	270.1	452
3060.000	1248.6	271.1	340
3063.333	1251.6	269.6	376
3066.667	1255.3	271.2	260
3070.000	1255.3	281.1	610
3073.333	1261.4	273.8	459
3076.667	1255.3	271.0	257
3080.000	1254.7	285.0	554
3083.333	1253.0	278.0	137
3086.667	1267.0	268.6	523
3090.000	1263.2	268.8	628
3093.333	1253.6	284.7	1023
3096.667	1265.7	284.0	650
3100.000	1263.0	290.8	399
3103.333	1262.4	289.0	994
3106.667	1268.4	272.9	380
3110.000	1265.9	270.2	577
3113.333	1263.7	271.4	603
3116.667	1269.5	292.8	136
3120.000	1262.4	271.1	423
3123.333	1265.5	264.0	310
3126.667	1266.8	280.8	329
3130.000	1257.0	283.9	345
3133.333	1261.2	271.6	501
3136.667	1266.8	277.7	325
3140.000	1259.1	274.9	639
3143.333	1259.7	283.6	539
3146.667	1258.6	272.8	606
3150.000	1257.8	261.6	458
3153.333	1266.0	266.3	410
3156.667	1253.0	274.6	208
3160.000	1256.1	269.7	604
3163.333	1255.1	271.3	327
3166.667	1257.6	267.4	393
3170.000	1256.3	279.6	268
3173.333	1254.1	268.1	299
3176.667	1259.5	262.1	507
3180.000	1259.1	268.8	152
3183.333	1257.8	284.1	500
3186.667	1249.5	279.0	330
3190.000	1262.0	269.2	115
3193.333	1258.0	275.3	770
3196.667	1261.8	272.6	472
3200.000	1254.7	274.3	440
3203.333	1256.1	262.2	399
3206.667	1256.1	269.4	473
3210.000	1254.1	268.6	310
3213.333	1261.1	291.9	117
3216.667	1256.4	273.3	353
3220.000	1255.3	268.7	497
3223.333	1257.8	258.0	839
3226.667	1254.3	273.2	816
3230.000	1260.5	270.9	458
3233.333	1254.3	266.3	343
3236.667	1265.7	247.1	79
3240.000	1262.6	271.5	718
3243.333	1259.7	261.6	996
3246.667	1254.5	278.0	1262
3250.000	1252.0	278.1	614
3253.333	1254.3	272.2	358
3256.667	1249.3	271.9	487
3260.000	1253.0	257.0	493
3263.333	1253.4	270.1	631
3266.667	1244.2	276.9	535
3270.000	1244.7	267.0	683
3273.333	1243.0	259.6	344
3276.667	1242.8	275.6	482
3280.000	1239.2	258.9	92
3283.333	1246.7	279.2	558
3286.667	1241.7	254.2	439
3290.000	1245.1	272.2	396
3293.333	1254.9	253.6	693
3296.667	1241.3	270.8	34
3300.000	1235.5	252.7	202
3303.333	1244.4	260.5	333
3306.667	1248.6	261.3	212
3310.000	1242.0	270.3	72
3313.333	1240.5	255.1	633
3316.667	1236.7	259.6	501
3320.000	1243.2	257.6	784
3323.333	1255.5	285.3	733
3326.667	1253.0	256.7	1412
3330.000	1251.8	261.1	1665
3333.333	1249.3	259.5	2138
3336.667	1256.3	228.6	930
3340.000	1250.9	243.1	718
3343.333	1243.8	239.8	2078
3346.667	1251.6	248.2	2546
3350.000	1246.3	285.8	2454
3353.333	1259.7	284.3	2245
3356.667	1259.9	264.4	798
3360.000	1259.3	287.8	746
3363.333	1262.8	284.1	418
3366.667	1260.9	262.7	498
3370.000	1265.9	284.4	148
3373.333	1261.8	290.5	70
3376.667	1260.9	277.6	629
3380.000	1262.8	279.1	490
3383.333	1261.1	275.0	498
3386.667	1269.7	291.4	254
3390.000	1269.9	272.6	627
3393.333	1267.4	282.9	586
3396.667	1262.2	272.9	959
3400.000	1264.5	263.8	663
3403.333	1254.7	279.8	437
3406.667	1263.2	268.8	333
3410.000	1264.9	261.8	260
3413.333	1259.5	276.7	610
3416.667	1252.8	274.9	411
3420.000	1259.3	262.0	211
3423.333	1259.3	261.1	678
3426.667	1255.5	279.8	313
3430.000	1260.3	268.4	408
3433.333	1258.2	254.1	744
3436.667	1260.7	271.4	1932
3440.000	1255.5	251.2	4431
3443.333	1236.1	280.5	7285
3446.667	1217.7	297.3	9659
3450.000	1177.0	306.9	11133
3453.333	1123.8	316.2	11662
3456.667	1090.2	333.3	11820
3460.000	1066.8	348.5	11400
3463.333	1026.2	365.8	11390
3466.667	1003.6	402.1	11543
3470.000	975.0	422.5	11302
3473.333	934.8	447.0	10598
3476.667	905.3	460.6	10103
3480.000	869.4	452.2	9294
3483.333	839.4	457.5	7495
3486.667	813.9	464.5	5646
3490.000	795.1	473.5	3487
3493.333	796.2	469.0	1932
3496.667	799.9	492.0	1556
3500.000	814.3	491.9	1331
3503.333	826.9	492.2	834
3506.667	814.3	484.2	834
3510.000	797.4	497.6	1282
3513.333	799.3	493.9	906
3516.667	796.4	500.4	614
3520.000	800.8	492.5	872
3523.333	808.9	492.6	698
3526.667	812.9	505.8	581
3530.000	811.0	495.8	444
3533.333	803.7	504.4	195
3536.667	810.2	498.9	117
3540.000	811.6	499.6	186
3543.333	808.1	501.4	125
3546.667	809.3	501.4	423
3550.000	806.2	502.4	273
3553.333	806.6	505.2	266
3556.667	803.7	502.7	192
3560.000	807.7	501.1	268
3563.333	803.7	507.0	63
3566.667	805.4	502.8	66
3570.000	799.1	499.8	210
3573.333	809.7	504.8	148
3576.667	805.6	501.4	99
3580.000	805.8	510.6	295
3583.333	799.7	505.5	391
3586.667	803.3	497.8	271
3590.000	804.1	512.2	258
3593.333	802.8	510.3	484
3596.667	802.2	506.8	506
3600.000	803.9	497.6	807
3603.333	802.2	492.6	961
3606.667	805.1	499.4	505
3610.000	801.8	499.2	52
3613.333	807.7	485.4	299
3616.667	804.7	497.9	467
3620.000	801.0	497.1	1413
3623.333	797.6	487.7	3304
3626.667	809.1	488.6	2615
3630.000	798.1	456.7	1813
3633.333	812.0	412.9	1207
3636.667	807.2	483.6	744
3640.000	805.2	469.9	927
3643.333	804.3	454.4	1868
3646.667	802.9	448.4	352
3650.000	802.8	471.5	1285
3653.333	802.9	484.8	2091
3656.667	801.6	475.8	1808
3660.000	807.6	483.4	1072
3663.333	802.9	494.6	610
3666.667	803.9	489.7	428
3670.000	812.2	493.7	329
3673.333	804.7	488.3	202
3676.667	799.7	486.2	438
3680.000	799.7	492.5	466
3683.333	804.1	492.9	514
3686.667	798.0	492.9	308
3690.000	803.9	497.4	168
3693.333	803.5	496.6	478
3696.667	803.9	488.8	498
3700.000	802.8	496.0	372
3703.333	798.9	479.0	350
3706.667	799.9	490.0	73
3710.000	808.3	493.6	297
3713.333	802.6	484.6	639
3716.667	802.6	493.1	353
3720.000	804.1	496.4	178
3723.333	801.0	494.5	213
3726.667	806.6	496.2	264
3730.000	807.0	490.9	591
3733.333	803.1	491.2	664
3736.667	806.2	491.3	628
3740.000	806.6	482.4	544
3743.333	806.8	483.6	433
3746.667	808.7	484.6	448
3750.000	806.0	481.1	162
3753.333	807.7	484.8	105
3756.667	808.1	476.8	133
3760.000	802.4	483.4	455
3763.333	807.2	486.8	353
3766.667	807.4	484.7	144
3770.000	809.7	491.7	305
3773.333	806.4	485.4	377
3776.667	806.6	477.9	310
3780.000	806.0	480.1	502
3783.333	809.7	482.8	340
3786.667	802.4	484.3	104
3790.000	801.4	478.8	386
3793.333	802.9	476.6	344
3796.667	809.9	484.4	493
3800.000	804.1	493.5	621
3803.333	801.2	484.5	322
3806.667	806.4	489.6	305
3810.000	807.9	488.5	492
3813.333	801.8	485.0	442
3816.667	806.6	479.5	405
3820.000	807.2	483.8	136
3823.333	802.0	477.6	296
3826.667	805.1	485.1	328
3830.000	811.2	487.4	504
3833.333	806.6	485.1	678
3836.667	811.4	482.3	681
3840.000	811.4	491.8	695
3843.333	805.4	494.4	405
3846.667	807.7	499.4	233
3850.000	806.8	494.7	190
3853.333	813.5	486.6	599
3856.667	803.7	490.0	294
3860.000	814.5	494.5	261
3863.333	815.8	486.8	56
3866.667	807.7	495.5	256
3870.000	814.3	492.6	128
3873.333	809.9	485.9	265
3876.667	815.2	493.2	729
3880.000	814.7	489.5	57
3883.333	818.3	487.0	400
3886.667	814.7	478.3	155
3890.000	811.6	498.9	134
3893.333	812.2	498.3	252
3896.667	815.0	485.9	116
3900.000	813.5	483.7	88
3903.333	811.2	491.7	314
3906.667	815.8	491.3	805
3910.000	812.5	499.8	389
3913.333	817.5	495.2	430
3916.667	822.3	498.3	364
3920.000	816.8	482.4	218
3923.333	820.0	494.0	267
3926.667	812.2	488.2	321
3930.000	816.6	499.2	274
3933.333	815.0	490.0	221
3936.667	814.8	493.5	465
3940.000	823.1	489.8	542
3943.333	819.1	491.1	249
3946.667	820.6	500.4	485
3950.000	821.4	479.4	642
3953.333	819.3	495.6	628
3956.667	807.4	481.6	465
3960.000	811.4	497.7	449
3963.333	819.5	508.7	338
3966.667	816.6	492.3	332
3970.000	812.2	484.7	487
3973.333	810.4	485.6	341
3976.667	818.7	491.4	538
3980.000	824.1	500.1	693
3983.333	821.4	495.7	616
3986.667	817.3	492.3	622
3990.000	821.4	494.5	536
3993.333	821.8	501.9	249
3996.667	817.9	509.9	118
4000.000	818.9	503.1	331
4003.333	817.0	489.7	331
4006.667	824.8	495.9	331
4010.000	817.0	495.3	331
