time	x	y	v
0.000	960.8	478.7	922
3.333	967.3	479.2	922
6.667	964.8	478.5	922
10.000	977.7	477.1	922
13.333	959.6	469.6	956
16.667	968.8	459.0	733
20.000	971.3	468.2	198
23.333	970.6	462.8	480
26.667	970.2	466.2	163
30.000	970.2	472.0	228
33.333	974.0	462.5	359
36.667	970.6	463.5	482
40.000	968.1	462.1	320
43.333	975.0	457.6	250
46.667	972.1	461.3	294
50.000	971.1	464.8	435
53.333	966.3	466.9	691
56.667	970.6	466.8	300
60.000	968.1	466.8	138
63.333	966.1	471.3	286
66.667	970.0	464.9	179
70.000	966.3	466.6	593
73.333	971.7	459.3	599
76.667	972.3	469.7	487
80.000	979.4	460.5	210
83.333	976.1	469.5	473
86.667	969.8	474.9	747
90.000	962.7	461.7	784
93.333	966.7	458.0	675
96.667	968.1	458.2	426
100.000	965.6	460.0	583
103.333	971.7	460.3	739
106.667	964.0	461.9	477
110.000	964.8	476.5	281
113.333	971.9	468.1	817
116.667	967.3	462.2	973
120.000	973.4	461.1	967
123.333	979.4	445.0	491
126.667	973.1	461.9	497
130.000	975.9	460.8	231
133.333	977.5	458.4	410
136.667	977.5	448.6	95
140.000	980.0	457.3	196
143.333	973.2	464.8	221
146.667	976.3	461.5	335
150.000	978.4	459.4	448
153.333	973.1	454.5	349
156.667	979.4	462.7	121
160.000	978.8	474.9	382
163.333	980.2	461.1	262
166.667	976.9	454.5	505
170.000	974.0	448.2	379
173.333	980.7	463.5	840
176.667	975.7	459.4	787
180.000	979.8	461.2	35
183.333	980.9	426.9	234
186.667	980.2	446.1	774
190.000	971.7	470.1	1231
193.333	979.2	467.4	1590
196.667	981.3	464.8	40
200.000	979.8	467.1	927
203.333	977.9	464.2	166
206.667	976.1	451.4	403
210.000	981.1	452.8	309
213.333	975.6	482.0	231
216.667	979.8	470.8	494
220.000	979.0	442.9	666
223.333	971.1	468.8	249
226.667	975.2	467.7	653
230.000	976.5	482.2	1013
233.333	983.8	472.2	557
236.667	982.3	465.7	453
240.000	980.5	472.7	390
243.333	978.6	459.5	560
246.667	974.4	468.6	579
250.000	978.2	476.0	498
253.333	977.9	453.0	72
256.667	979.6	456.0	21
260.000	980.7	464.9	244
263.333	973.8	470.9	1045
266.667	976.9	468.4	588
270.000	977.3	467.4	629
273.333	977.1	476.5	59
276.667	971.5	465.2	214
280.000	973.8	483.7	966
283.333	979.0	462.8	926
286.667	980.2	463.3	719
290.000	987.1	450.6	545
293.333	979.0	468.1	162
296.667	983.4	466.5	541
300.000	984.0	468.5	393
303.333	982.7	454.8	291
306.667	971.7	474.1	410
310.000	981.7	456.7	438
313.333	975.7	469.6	1084
316.667	976.7	467.4	554
320.000	973.8	466.2	1164
323.333	976.3	489.6	311
326.667	975.0	470.6	315
330.000	976.7	484.5	313
333.333	975.6	466.5	375
336.667	968.6	476.1	160
340.000	979.4	466.9	31
343.333	980.5	484.1	37
346.667	969.2	475.3	747
350.000	977.3	476.8	972
353.333	972.1	462.8	938
356.667	979.4	458.5	544
360.000	977.7	457.9	122
363.333	972.9	472.6	734
366.667	972.9	463.0	1018
370.000	980.5	475.4	869
373.333	978.8	471.9	745
376.667	974.0	479.8	564
380.000	982.3	476.2	64
383.333	981.9	481.5	206
386.667	974.0	474.8	768
390.000	980.0	474.6	953
393.333	975.0	470.0	498
396.667	976.3	462.6	2032
400.000	978.0	461.7	4111
403.333	990.1	482.1	6480
406.667	1016.6	434.4	7844
410.000	1048.3	413.0	8842
413.333	1086.7	408.0	9182
416.667	1113.8	437.9	9892
420.000	1143.6	454.5	9366
423.333	1168.9	476.8	NaN
426.667	1200.0	498.0	NaN
430.000	1212.3	475.7	NaN
433.333	NaN	NaN	NaN
436.667	NaN	NaN	NaN
440.000	NaN	NaN	NaN
443.333	NaN	NaN	NaN
446.667	NaN	NaN	NaN
450.000	NaN	NaN	NaN
453.333	NaN	NaN	NaN
456.667	NaN	NaN	NaN
460.000	NaN	NaN	NaN
463.333	NaN	NaN	NaN
466.667	NaN	NaN	NaN
470.000	NaN	NaN	NaN
473.333	NaN	NaN	NaN
476.667	NaN	NaN	NaN
480.000	NaN	NaN	NaN
483.333	NaN	NaN	NaN
486.667	NaN	NaN	NaN
490.000	NaN	NaN	NaN
493.333	NaN	NaN	NaN
496.667	NaN	NaN	NaN
500.000	NaN	NaN	NaN
503.333	NaN	NaN	NaN
506.667	NaN	NaN	NaN
510.000	NaN	NaN	NaN
513.333	NaN	NaN	NaN
516.667	NaN	NaN	NaN
520.000	NaN	NaN	NaN
523.333	NaN	NaN	NaN
526.667	NaN	NaN	NaN
530.000	NaN	NaN	NaN
533.333	1324.8	367.5	NaN
536.667	1321.0	366.6	NaN
540.000	1331.3	309.4	NaN
543.333	1327.5	267.8	9403
546.667	1334.0	246.8	8639
550.000	1328.6	210.4	5011
553.333	1322.7	200.0	2584
556.667	1326.3	189.9	430
560.000	1328.1	221.3	2339
563.333	1323.1	211.8	3033
566.667	1322.7	237.0	2626
570.000	1329.2	251.2	1457
573.333	1328.3	248.1	754
576.667	1333.1	240.1	1180
580.000	1333.2	241.9	1660
583.333	1329.6	230.4	1575
586.667	1333.8	218.6	932
590.000	1330.2	222.6	508
593.333	1334.2	218.7	398
596.667	1325.6	229.9	285
600.000	1330.9	227.1	66
603.333	1333.1	209.8	763
606.667	1329.2	232.3	967
610.000	1329.4	221.5	1009
613.333	1337.1	199.4	185
616.667	1336.3	217.7	570
620.000	1329.4	201.6	281
623.333	1327.1	227.0	271
626.667	1333.8	210.2	190
630.000	1328.3	217.2	269
633.333	1333.8	201.3	430
636.667	1331.9	227.0	517
640.000	1324.4	212.8	584
643.333	1323.6	211.7	379
646.667	1327.5	220.1	468
650.000	1326.3	225.6	235
653.333	1330.0	209.6	317
656.667	1328.4	210.0	864
660.000	1327.7	216.9	578
663.333	1324.8	209.4	519
666.667	1326.5	201.7	1763
670.000	1330.2	213.1	1341
673.333	1326.5	196.7	1209
676.667	1329.8	167.4	1133
680.000	1325.8	204.9	1472
683.333	1342.5	189.0	NaN
686.667	1318.1	179.8	NaN
690.000	1325.6	171.7	NaN
693.333	NaN	NaN	NaN
696.667	NaN	NaN	NaN
700.000	NaN	NaN	NaN
703.333	NaN	NaN	NaN
706.667	NaN	NaN	NaN
710.000	NaN	NaN	NaN
713.333	1333.4	134.8	NaN
716.667	NaN	NaN	NaN
720.000	NaN	NaN	NaN
723.333	NaN	NaN	NaN
726.667	NaN	NaN	NaN
730.000	NaN	NaN	NaN
733.333	NaN	NaN	NaN
736.667	NaN	NaN	NaN
740.000	NaN	NaN	NaN
743.333	NaN	NaN	NaN
746.667	NaN	NaN	NaN
750.000	NaN	NaN	NaN
753.333	NaN	NaN	NaN
756.667	NaN	NaN	NaN
760.000	1321.3	177.7	NaN
763.333	1290.6	251.1	NaN
766.667	1258.8	252.1	NaN
770.000	1215.4	252.7	12587
773.333	1172.9	256.8	12855
776.667	1150.3	301.3	13600
780.000	1104.4	338.4	13578
783.333	1053.5	348.0	13008
786.667	1023.9	374.4	11645
790.000	981.1	370.0	9892
793.333	947.1	373.0	8086
796.667	927.7	358.7	5584
800.000	908.0	365.7	3098
803.333	898.2	381.3	1912
806.667	918.7	361.8	1921
810.000	914.3	382.0	1479
813.333	918.5	407.6	758
816.667	912.2	390.2	1080
820.000	905.1	390.1	229
823.333	899.5	381.8	450
826.667	913.2	394.8	304
830.000	915.5	390.7	866
833.333	916.4	391.9	756
836.667	908.7	386.9	881
840.000	914.9	408.6	905
843.333	918.9	388.7	470
846.667	914.9	417.9	685
850.000	908.7	400.7	390
853.333	906.4	390.3	1419
856.667	917.6	416.3	1741
860.000	913.3	388.4	1942
863.333	915.6	359.0	1576
866.667	917.2	392.9	2484
870.000	904.7	357.7	1944
873.333	904.5	379.7	1411
876.667	905.3	348.4	1235
880.000	903.7	343.0	271
883.333	903.4	356.8	564
886.667	901.4	371.2	1717
890.000	914.3	355.8	1588
893.333	916.0	370.7	875
896.667	907.4	381.9	376
900.000	903.7	375.3	1273
903.333	904.1	372.6	2569
906.667	919.9	349.5	3120
910.000	921.8	334.4	3051
913.333	906.8	331.2	2089
916.667	910.5	327.6	1181
920.000	924.3	318.7	661
923.333	917.8	331.7	577
926.667	912.0	319.0	27
930.000	917.6	320.7	427
933.333	921.0	325.6	1010
936.667	913.5	326.7	1833
940.000	920.6	332.6	1401
943.333	923.7	350.2	1288
946.667	912.6	353.8	1108
950.000	922.9	337.5	884
953.333	928.3	349.9	221
956.667	918.0	352.6	113
960.000	920.1	359.9	832
963.333	913.5	340.7	667
966.667	920.6	345.0	200
970.000	914.9	366.1	187
973.333	909.9	341.5	195
976.667	920.3	351.6	297
980.000	918.3	348.0	525
983.333	912.0	349.5	7
986.667	915.1	345.9	181
990.000	918.7	348.2	510
993.333	911.8	344.4	761
996.667	922.6	360.1	507
1000.000	913.2	357.3	525
1003.333	928.1	355.3	860
1006.667	923.7	340.4	1214
1010.000	924.3	346.9	715
1013.333	917.8	334.3	57
1016.667	926.2	340.8	536
1020.000	925.6	348.7	264
1023.333	927.2	353.3	1149
1026.667	930.0	344.0	3399
1030.000	917.6	344.3	6638
1033.333	887.2	341.7	10097
1036.667	850.4	363.9	12490
1040.000	788.9	384.5	12750
1043.333	739.8	399.4	11864
1046.667	713.3	417.6	11198
1050.000	694.8	409.5	9849
1053.333	666.8	419.5	9431
1056.667	614.4	441.6	8745
1060.000	591.9	434.7	7645
1063.333	565.6	458.8	5573
1066.667	559.7	442.6	3377
1070.000	558.5	468.4	2269
1073.333	560.1	477.1	557
1076.667	571.6	491.5	787
1080.000	579.3	471.4	1443
1083.333	565.2	435.1	1055
1086.667	550.8	442.3	1420
1090.000	558.9	466.2	912
1093.333	566.0	473.1	1075
1096.667	558.3	443.0	911
1100.000	553.2	443.8	589
1103.333	566.4	475.2	608
1106.667	568.9	467.3	968
1110.000	572.5	457.7	1848
1113.333	556.4	437.3	1481
1116.667	556.6	423.1	356
1120.000	565.8	431.0	1122
1123.333	566.0	465.5	1053
1126.667	571.8	453.3	385
1130.000	573.3	464.8	1272
1133.333	554.5	432.9	2115
1136.667	558.7	433.7	1909
1140.000	558.1	423.9	1785
1143.333	558.3	433.3	844
1146.667	556.6	422.9	244
1150.000	551.2	420.1	934
1153.333	553.7	416.8	1311
1156.667	565.8	450.3	1875
1160.000	557.0	443.6	1662
1163.333	556.6	450.1	981
1166.667	555.6	452.2	127
1170.000	561.4	447.6	144
1173.333	550.1	445.4	488
1176.667	565.2	451.5	872
1180.000	557.6	445.2	1296
1183.333	567.2	461.2	894
1186.667	560.6	467.9	346
1190.000	558.7	469.4	83
1193.333	555.1	453.7	1878
1196.667	560.8	449.2	3099
1200.000	563.9	455.3	1936
1203.333	558.7	418.1	1312
1206.667	558.0	405.1	355
1210.000	572.5	453.8	297
1213.333	561.6	428.4	1174
1216.667	558.9	444.2	1198
1220.000	563.9	421.0	523
1223.333	571.0	445.3	1078
1226.667	571.8	448.0	861
1230.000	575.2	449.5	723
1233.333	575.4	435.3	346
1236.667	575.4	441.1	280
1240.000	574.3	445.2	86
1243.333	574.8	440.7	463
1246.667	577.0	443.1	396
1250.000	572.5	446.4	146
1253.333	570.4	445.6	259
1256.667	569.7	447.2	109
1260.000	576.4	442.9	366
1263.333	572.7	447.9	777
1266.667	571.6	442.0	656
1270.000	579.5	441.2	580
1273.333	586.8	438.4	394
1276.667	579.5	444.9	297
1280.000	575.4	430.3	193
1283.333	578.1	445.2	279
1286.667	581.2	434.3	107
1290.000	578.1	441.4	364
1293.333	580.8	446.5	70
1296.667	577.9	437.9	334
1300.000	583.1	439.6	205
1303.333	578.9	441.9	262
1306.667	588.3	442.4	480
1310.000	579.1	441.7	442
1313.333	583.9	437.1	331
1316.667	592.1	437.5	364
1320.000	588.1	438.3	505
1323.333	582.5	439.5	698
1326.667	576.2	435.9	893
1330.000	571.8	440.1	639
1333.333	580.0	439.9	560
1336.667	575.2	446.4	816
1340.000	573.9	441.2	761
1343.333	585.2	451.1	799
1346.667	579.3	451.4	711
1350.000	578.7	452.4	889
1353.333	580.6	456.8	1229
1356.667	573.3	457.6	1228
1360.000	557.0	448.1	1353
1363.333	567.2	435.6	1260
1366.667	556.6	464.8	801
1370.000	555.1	460.5	862
1373.333	561.8	473.1	731
1376.667	553.0	445.7	402
1380.000	556.8	464.2	264
1383.333	560.4	462.5	662
1386.667	548.2	455.9	942
1390.000	564.3	474.2	1032
1393.333	566.6	475.2	962
1396.667	558.1	460.7	771
1400.000	567.6	487.1	683
1403.333	568.7	469.2	677
1406.667	558.7	474.9	473
1410.000	563.1	492.7	1328
1413.333	556.6	476.7	1361
1416.667	566.0	474.4	2070
1420.000	547.2	448.5	1736
1423.333	550.7	458.5	1734
1426.667	558.0	443.9	2809
1430.000	567.0	465.9	5117
1433.333	570.0	433.0	6977
1436.667	629.8	459.8	8567
1440.000	648.4	431.5	11752
1443.333	680.6	418.7	NaN
1446.667	699.5	367.2	NaN
1450.000	721.7	264.4	NaN
1453.333	NaN	NaN	NaN
1456.667	NaN	NaN	NaN
1460.000	806.2	227.2	NaN
1463.333	845.2	217.1	NaN
1466.667	NaN	NaN	NaN
1470.000	NaN	NaN	NaN
1473.333	NaN	NaN	NaN
1476.667	NaN	NaN	NaN
1480.000	NaN	NaN	NaN
1483.333	NaN	NaN	NaN
1486.667	NaN	NaN	NaN
1490.000	NaN	NaN	NaN
1493.333	NaN	NaN	NaN
1496.667	NaN	NaN	NaN
1500.000	NaN	NaN	NaN
1503.333	NaN	NaN	NaN
1506.667	NaN	NaN	NaN
1510.000	NaN	NaN	NaN
1513.333	NaN	NaN	NaN
1516.667	NaN	NaN	NaN
1520.000	NaN	NaN	NaN
1523.333	NaN	NaN	NaN
1526.667	NaN	NaN	NaN
1530.000	NaN	NaN	NaN
1533.333	NaN	NaN	NaN
1536.667	NaN	NaN	NaN
1540.000	NaN	NaN	NaN
1543.333	NaN	NaN	NaN
1546.667	NaN	NaN	NaN
1550.000	NaN	NaN	NaN
1553.333	NaN	NaN	NaN
1556.667	NaN	NaN	NaN
1560.000	NaN	NaN	NaN
1563.333	NaN	NaN	NaN
1566.667	NaN	NaN	NaN
1570.000	NaN	NaN	NaN
1573.333	NaN	NaN	NaN
1576.667	NaN	NaN	NaN
1580.000	NaN	NaN	NaN
1583.333	NaN	NaN	NaN
1586.667	NaN	NaN	NaN
1590.000	NaN	NaN	NaN
1593.333	NaN	NaN	NaN
1596.667	NaN	NaN	NaN
1600.000	NaN	NaN	NaN
1603.333	NaN	NaN	NaN
1606.667	NaN	NaN	NaN
1610.000	1002.2	221.3	NaN
1613.333	NaN	NaN	NaN
1616.667	1019.7	181.7	NaN
1620.000	NaN	NaN	NaN
1623.333	NaN	NaN	NaN
1626.667	NaN	NaN	NaN
1630.000	NaN	NaN	NaN
1633.333	NaN	NaN	NaN
1636.667	1019.3	158.9	NaN
1640.000	NaN	NaN	NaN
1643.333	NaN	NaN	NaN
1646.667	1004.5	193.1	NaN
1650.000	1026.8	138.3	NaN
1653.333	1011.5	171.3	NaN
1656.667	1011.8	181.3	NaN
1660.000	1007.4	186.2	NaN
1663.333	1001.9	207.8	NaN
1666.667	NaN	NaN	NaN
1670.000	1021.6	179.6	NaN
1673.333	1008.0	203.4	NaN
1676.667	1004.4	201.3	NaN
1680.000	NaN	NaN	NaN
1683.333	1024.5	161.8	NaN
1686.667	NaN	NaN	NaN
1690.000	1040.6	156.4	NaN
1693.333	1004.5	179.7	NaN
1696.667	NaN	NaN	NaN
1700.000	1026.0	135.0	NaN
1703.333	NaN	NaN	NaN
1706.667	NaN	NaN	NaN
1710.000	1023.6	167.7	NaN
1713.333	1013.4	161.1	NaN
1716.667	NaN	NaN	NaN
1720.000	NaN	NaN	NaN
1723.333	NaN	NaN	NaN
1726.667	1010.3	191.4	NaN
1730.000	1016.6	180.8	NaN
1733.333	1004.2	194.0	NaN
1736.667	1020.7	200.7	1334
1740.000	1011.5	197.1	1544
1743.333	1005.5	210.6	653
1746.667	1020.1	211.7	362
1750.000	1021.6	212.5	592
1753.333	1017.0	193.2	733
1756.667	1018.6	211.5	522
1760.000	1021.6	207.3	569
1763.333	1027.8	209.0	1768
1766.667	1019.9	194.1	1792
1770.000	1027.8	199.0	2153
1773.333	1033.3	155.4	NaN
1776.667	1038.5	201.0	NaN
1780.000	1023.9	159.9	NaN
1783.333	NaN	NaN	NaN
1786.667	995.5	228.4	NaN
1790.000	998.6	215.9	NaN
1793.333	1015.5	193.5	NaN
1796.667	999.4	193.2	NaN
1800.000	993.8	206.0	NaN
1803.333	NaN	NaN	NaN
1806.667	NaN	NaN	NaN
1810.000	NaN	NaN	NaN
1813.333	942.0	303.2	NaN
1816.667	959.0	287.2	NaN
1820.000	NaN	NaN	NaN
1823.333	NaN	NaN	NaN
1826.667	NaN	NaN	NaN
1830.000	991.3	233.3	NaN
1833.333	NaN	NaN	NaN
1836.667	947.5	303.3	NaN
1840.000	977.9	305.3	NaN
1843.333	988.6	283.6	NaN
1846.667	990.5	273.8	4723
1850.000	979.8	253.7	4570
1853.333	983.4	232.5	4020
1856.667	999.6	224.6	1986
1860.000	991.3	217.4	817
1863.333	992.3	206.3	3315
1866.667	988.4	249.3	4437
1870.000	972.5	273.2	4292
1873.333	976.1	289.2	3082
1876.667	984.6	288.8	1892
1880.000	987.8	282.0	1199
1883.333	994.6	275.0	559
1886.667	982.5	308.0	948
1890.000	994.2	288.5	892
1893.333	988.6	284.0	455
1896.667	980.4	253.7	374
1900.000	993.2	276.5	981
1903.333	995.5	293.9	1668
1906.667	988.6	299.1	1716
1910.000	994.8	295.1	470
1913.333	994.8	298.8	564
1916.667	995.5	289.3	356
1920.000	1003.0	288.1	400
1923.333	997.8	290.4	488
1926.667	994.4	302.4	513
1930.000	999.7	303.5	569
1933.333	992.8	299.7	788
1936.667	995.3	291.9	1478
1940.000	992.4	275.7	1013
1943.333	992.8	288.8	571
1946.667	994.6	274.4	632
1950.000	999.6	289.9	416
1953.333	989.0	319.2	382
1956.667	993.2	282.1	475
1960.000	999.2	277.1	1489
1963.333	990.5	277.8	2074
1966.667	988.8	284.4	1117
1970.000	992.1	269.0	814
1973.333	991.5	261.0	138
1976.667	990.0	261.9	21
1980.000	987.8	272.6	905
1983.333	988.4	285.4	1181
1986.667	991.9	269.9	1000
1990.000	986.7	282.9	326
1993.333	999.4	284.0	388
1996.667	995.1	283.7	618
2000.000	980.7	279.2	892
2003.333	982.3	284.5	1231
2006.667	982.7	276.2	947
2010.000	986.3	265.0	534
2013.333	989.2	262.4	513
2016.667	986.3	271.9	550
2020.000	980.5	276.2	313
2023.333	981.7	266.3	237
2026.667	973.8	262.1	370
2030.000	988.8	264.2	614
2033.333	984.0	276.9	698
2036.667	983.6	260.8	489
2040.000	992.8	266.1	346
2043.333	992.4	265.5	381
2046.667	983.2	268.4	261
2050.000	987.3	257.6	92
2053.333	994.6	285.0	654
2056.667	988.4	257.8	801
2060.000	989.2	267.0	618
2063.333	990.5	286.5	616
2066.667	987.8	279.5	1494
2070.000	989.8	270.9	651
2073.333	986.1	289.5	204
2076.667	985.9	294.2	668
2080.000	988.6	278.3	411
2083.333	990.0	273.3	609
2086.667	980.9	261.7	86
2090.000	992.4	283.6	829
2093.333	982.7	283.3	283
2096.667	991.3	286.0	537
2100.000	983.8	288.3	424
2103.333	987.6	263.6	304
2106.667	986.3	289.9	879
2110.000	978.0	287.0	1557
2113.333	988.0	291.2	1721
2116.667	983.6	302.4	1198
2120.000	984.2	310.4	608
2123.333	979.2	297.8	478
2126.667	984.0	313.4	300
2130.000	971.9	289.5	1069
2133.333	981.7	294.3	717
2136.667	985.0	306.9	938
2140.000	972.1	278.6	630
2143.333	972.7	295.3	413
2146.667	977.7	287.1	230
2150.000	975.2	279.0	775
2153.333	977.5	300.9	525
2156.667	980.0	290.4	547
2160.000	980.5	297.4	166
2163.333	984.6	289.9	574
2166.667	980.4	294.7	252
2170.000	975.9	280.3	620
2173.333	974.0	291.8	72
2176.667	986.9	305.2	404
2180.000	976.9	269.4	735
2183.333	983.4	296.2	492
2186.667	983.2	282.6	560
2190.000	987.8	304.8	117
2193.333	983.0	297.4	808
2196.667	981.3	266.2	309
2200.000	980.0	287.7	907
2203.333	987.6	280.6	284
2206.667	992.4	296.8	711
2210.000	986.7	273.1	569
2213.333	983.6	292.8	763
2216.667	988.6	285.3	1288
2220.000	992.4	300.3	748
2223.333	980.2	251.4	1292
2226.667	979.6	271.3	1266
2230.000	987.6	275.9	1611
2233.333	986.7	268.6	617
2236.667	982.7	259.6	857
2240.000	992.3	245.8	216
2243.333	987.8	261.3	1437
2246.667	990.7	265.5	887
2250.000	980.2	271.5	880
2253.333	999.9	297.4	1537
2256.667	971.3	248.0	2092
2260.000	973.1	247.5	2633
2263.333	970.9	245.2	1922
2266.667	967.9	246.8	310
2270.000	965.0	233.0	2110
2273.333	978.4	254.6	2206
2276.667	968.6	256.9	2257
2280.000	1001.1	295.5	1307
2283.333	966.1	270.8	964
2286.667	970.2	277.3	544
2290.000	957.9	251.5	1515
2293.333	970.2	279.6	428
2296.667	976.5	267.1	364
2300.000	974.8	254.2	1350
2303.333	970.2	280.7	762
2306.667	963.6	277.2	1003
2310.000	961.9	290.5	898
2313.333	964.8	270.8	83
2316.667	972.9	281.1	80
2320.000	960.2	281.1	353
2323.333	966.7	279.7	393
2326.667	964.4	281.6	567
2330.000	967.3	273.2	1003
2333.333	969.8	264.0	872
2336.667	979.2	282.7	744
2340.000	977.5	270.0	617
2343.333	976.7	269.4	699
2346.667	978.4	278.4	1245
2350.000	971.1	285.1	3135
2353.333	979.0	280.9	4339
2356.667	1017.2	259.4	NaN
2360.000	1041.6	241.6	NaN
2363.333	1047.9	261.8	NaN
2366.667	NaN	NaN	NaN
2370.000	NaN	NaN	NaN
2373.333	NaN	NaN	NaN
2376.667	NaN	NaN	NaN
2380.000	NaN	NaN	NaN
2383.333	NaN	NaN	NaN
2386.667	NaN	NaN	NaN
2390.000	NaN	NaN	NaN
2393.333	NaN	NaN	NaN
2396.667	NaN	NaN	NaN
2400.000	NaN	NaN	NaN
2403.333	NaN	NaN	NaN
2406.667	NaN	NaN	NaN
2410.000	NaN	NaN	NaN
2413.333	NaN	NaN	NaN
2416.667	NaN	NaN	NaN
2420.000	NaN	NaN	NaN
2423.333	NaN	NaN	NaN
2426.667	NaN	NaN	NaN
2430.000	NaN	NaN	NaN
2433.333	NaN	NaN	NaN
2436.667	NaN	NaN	NaN
2440.000	NaN	NaN	NaN
2443.333	NaN	NaN	NaN
2446.667	NaN	NaN	NaN
2450.000	NaN	NaN	NaN
2453.333	NaN	NaN	NaN
2456.667	NaN	NaN	NaN
2460.000	NaN	NaN	NaN
2463.333	NaN	NaN	NaN
2466.667	NaN	NaN	NaN
2470.000	NaN	NaN	NaN
2473.333	NaN	NaN	NaN
2476.667	NaN	NaN	NaN
2480.000	NaN	NaN	NaN
2483.333	NaN	NaN	NaN
2486.667	NaN	NaN	NaN
2490.000	NaN	NaN	NaN
2493.333	NaN	NaN	NaN
2496.667	NaN	NaN	NaN
2500.000	NaN	NaN	NaN
2503.333	NaN	NaN	NaN
2506.667	NaN	NaN	NaN
2510.000	NaN	NaN	NaN
2513.333	NaN	NaN	NaN
2516.667	NaN	NaN	NaN
2520.000	NaN	NaN	NaN
2523.333	NaN	NaN	NaN
2526.667	NaN	NaN	NaN
2530.000	NaN	NaN	NaN
2533.333	NaN	NaN	NaN
2536.667	NaN	NaN	NaN
2540.000	NaN	NaN	NaN
2543.333	NaN	NaN	NaN
2546.667	NaN	NaN	NaN
2550.000	NaN	NaN	NaN
2553.333	NaN	NaN	NaN
2556.667	NaN	NaN	NaN
2560.000	NaN	NaN	NaN
2563.333	NaN	NaN	NaN
2566.667	NaN	NaN	NaN
2570.000	NaN	NaN	NaN
2573.333	NaN	NaN	NaN
2576.667	NaN	NaN	NaN
2580.000	NaN	NaN	NaN
2583.333	NaN	NaN	NaN
2586.667	NaN	NaN	NaN
2590.000	NaN	NaN	NaN
2593.333	NaN	NaN	NaN
2596.667	NaN	NaN	NaN
2600.000	NaN	NaN	NaN
2603.333	NaN	NaN	NaN
2606.667	NaN	NaN	NaN
2610.000	NaN	NaN	NaN
2613.333	NaN	NaN	NaN
2616.667	NaN	NaN	NaN
2620.000	NaN	NaN	NaN
2623.333	NaN	NaN	NaN
2626.667	NaN	NaN	NaN
2630.000	NaN	NaN	NaN
2633.333	NaN	NaN	NaN
2636.667	NaN	NaN	NaN
2640.000	NaN	NaN	NaN
2643.333	NaN	NaN	NaN
2646.667	NaN	NaN	NaN
2650.000	NaN	NaN	NaN
2653.333	NaN	NaN	NaN
2656.667	NaN	NaN	NaN
2660.000	NaN	NaN	NaN
2663.333	NaN	NaN	NaN
2666.667	NaN	NaN	NaN
2670.000	NaN	NaN	NaN
2673.333	NaN	NaN	NaN
2676.667	NaN	NaN	NaN
2680.000	NaN	NaN	NaN
2683.333	NaN	NaN	NaN
2686.667	NaN	NaN	NaN
2690.000	1287.6	91.8	NaN
2693.333	1295.0	74.7	NaN
2696.667	1287.4	101.2	NaN
2700.000	1285.6	119.8	NaN
2703.333	NaN	NaN	NaN
2706.667	NaN	NaN	NaN
2710.000	NaN	NaN	NaN
2713.333	NaN	NaN	NaN
2716.667	1288.1	140.7	NaN
2720.000	1290.2	107.6	NaN
2723.333	1300.4	186.6	NaN
2726.667	NaN	NaN	NaN
2730.000	1294.7	78.0	NaN
2733.333	1287.6	110.8	NaN
2736.667	1286.4	111.6	NaN
2740.000	1282.6	138.3	2539
2743.333	1300.0	128.0	2275
2746.667	1299.8	134.0	2757
2750.000	1306.2	132.2	2684
2753.333	1316.0	151.1	2258
2756.667	1309.8	172.9	1529
2760.000	1306.6	178.1	1044
2763.333	1307.7	154.0	428
2766.667	1323.5	152.9	1240
2770.000	1316.2	166.4	1070
2773.333	1319.4	164.5	872
2776.667	1330.0	155.6	795
2780.000	1325.8	167.0	379
2783.333	1324.2	163.2	233
2786.667	1327.7	176.0	464
2790.000	1320.8	164.7	252
2793.333	1324.8	162.6	304
2796.667	1335.6	171.9	446
2800.000	1326.7	167.7	646
2803.333	1326.7	159.7	908
2806.667	1328.1	164.7	993
2810.000	1336.1	181.2	1025
2813.333	1336.1	183.0	887
2816.667	1344.2	179.7	608
2820.000	1331.3	174.0	400
2823.333	1331.1	180.0	488
2826.667	1340.9	185.7	182
2830.000	1338.8	167.0	292
2833.333	1330.4	173.7	441
2836.667	1337.5	187.3	582
2840.000	1336.3	180.3	564
2843.333	1328.1	188.9	434
2846.667	1333.6	182.0	361
2850.000	1331.7	176.5	941
2853.333	1335.9	193.8	934
2856.667	1336.9	193.6	1260
2860.000	1328.3	202.4	1360
2863.333	1335.6	198.1	800
2866.667	1332.9	203.9	354
2870.000	1332.3	210.5	79
2873.333	1326.9	204.6	219
2876.667	1328.3	185.1	912
2880.000	1337.5	211.5	1190
2883.333	1336.3	195.2	712
2886.667	1332.9	184.1	581
2890.000	1340.0	186.6	739
2893.333	1342.1	207.1	246
2896.667	1341.5	186.4	201
2900.000	1334.8	186.9	710
2903.333	1341.5	190.2	543
2906.667	1338.2	193.3	346
2910.000	1344.6	172.6	472
2913.333	1334.0	198.1	162
2916.667	1340.0	195.6	282
2920.000	1343.2	195.2	168
2923.333	1341.5	176.6	814
2926.667	1339.6	183.2	631
2930.000	1340.5	194.1	632
2933.333	1332.5	177.9	1025
2936.667	1330.6	191.3	502
2940.000	1337.9	199.8	449
2943.333	1333.8	195.9	389
2946.667	1336.1	189.0	860
2950.000	1336.1	199.0	1346
2953.333	1340.0	182.1	1753
2956.667	1329.0	175.3	1456
2960.000	1340.9	174.0	1508
2963.333	1341.3	159.9	671
2966.667	1336.9	172.7	535
2970.000	1345.5	164.9	732
2973.333	1345.5	175.2	1215
2976.667	1337.9	182.8	981
2980.000	1336.7	180.4	796
2983.333	1337.5	186.1	364
2986.667	1344.8	187.4	475
2990.000	1335.2	177.9	599
2993.333	1338.6	166.5	1434
2996.667	1336.5	180.0	3164
3000.000	1334.2	173.4	6641
3003.333	1306.9	169.9	9985
3006.667	1266.6	188.7	12794
3010.000	1193.9	221.4	14457
3013.333	1160.3	228.1	14240
3016.667	1116.1	262.4	12771
3020.000	1081.9	272.1	11177
3023.333	1041.8	257.8	11178
3026.667	1017.6	276.7	10960
3030.000	975.9	273.1	11426
3033.333	943.3	323.5	11626
3036.667	900.9	310.4	11736
3040.000	861.1	326.7	10270
3043.333	830.6	333.9	8209
3046.667	804.7	375.1	5560
3050.000	796.4	352.7	2697
3053.333	788.0	355.2	461
3056.667	794.3	331.2	1442
3060.000	807.0	336.4	989
3063.333	816.8	372.9	2748
3066.667	799.5	325.5	3724
3070.000	791.6	387.6	2373
3073.333	781.4	406.1	1810
3076.667	785.3	390.5	2240
3080.000	792.0	358.6	309
3083.333	802.2	401.9	677
3086.667	795.6	401.2	293
3090.000	786.0	385.9	323
3093.333	800.6	397.2	1038
3096.667	789.5	362.2	714
3100.000	788.7	386.2	471
3103.333	796.4	388.8	985
3106.667	783.9	382.5	1089
3110.000	790.5	400.8	1531
3113.333	787.8	345.4	2339
3116.667	800.1	418.4	1499
3120.000	797.0	425.0	1358
3123.333	793.7	426.8	2266
3126.667	785.5	384.8	454
3130.000	794.1	414.0	387
3133.333	795.3	432.2	295
3136.667	787.4	421.3	944
3140.000	794.7	424.4	147
3143.333	786.2	406.4	599
3146.667	795.6	421.4	192
3150.000	792.4	422.0	209
3153.333	790.7	414.2	537
3156.667	792.8	426.6	349
3160.000	793.2	419.8	617
3163.333	789.9	422.5	849
3166.667	785.9	417.0	573
3170.000	795.6	440.6	709
3173.333	789.3	432.1	727
3176.667	794.1	430.2	492
3180.000	797.6	430.1	1281
3183.333	783.4	439.9	1155
3186.667	783.2	431.1	1477
3190.000	776.3	408.8	1749
3193.333	788.9	414.4	900
3196.667	782.4	409.5	887
3200.000	779.1	404.2	1456
3203.333	788.0	429.8	1197
3206.667	795.3	442.5	1000
3210.000	794.1	421.7	593
3213.333	792.4	426.8	761
3216.667	784.1	425.6	899
3220.000	787.2	430.2	510
3223.333	785.5	415.9	354
3226.667	787.8	421.6	549
3230.000	785.9	416.9	951
3233.333	787.8	425.0	634
3236.667	787.0	412.0	744
3240.000	784.7	402.1	1099
3243.333	780.1	412.1	964
3246.667	775.5	416.9	854
3250.000	769.2	401.5	198
3253.333	774.1	418.1	600
3256.667	777.4	422.1	449
3260.000	790.1	400.4	683
3263.333	780.7	402.9	478
3266.667	776.4	421.1	786
3270.000	782.8	419.6	243
3273.333	784.7	401.4	336
3276.667	784.5	391.7	655
3280.000	782.6	407.2	470
3283.333	780.1	411.9	451
3286.667	779.3	403.9	892
3290.000	784.7	396.9	1317
3293.333	776.4	388.5	273
3296.667	769.7	387.5	1249
3300.000	782.6	388.4	1881
3303.333	780.7	433.6	2074
3306.667	784.5	418.1	1972
3310.000	782.6	419.9	1295
3313.333	781.4	419.9	474
3316.667	787.0	429.9	868
3320.000	786.6	429.8	1214
3323.333	784.9	435.3	725
3326.667	787.2	430.8	650
3330.000	795.6	445.0	424
3333.333	782.8	430.9	991
3336.667	780.7	406.5	814
3340.000	785.9	436.9	1059
3343.333	779.7	415.4	407
3346.667	782.8	427.5	322
3350.000	782.4	414.3	339
3353.333	781.6	416.2	943
3356.667	789.5	427.9	262
3360.000	789.9	435.0	67
3363.333	782.8	433.3	845
3366.667	785.7	414.2	1056
3370.000	779.9	414.3	748
3373.333	788.5	406.0	165
3376.667	785.9	421.2	645
3380.000	783.4	422.8	364
3383.333	787.2	423.6	95
3386.667	781.2	422.4	455
3390.000	788.2	413.2	441
3393.333	790.7	411.5	412
3396.667	785.9	419.0	141
3400.000	780.3	415.8	279
3403.333	785.3	413.6	181
3406.667	789.3	424.1	407
3410.000	785.3	414.3	212
3413.333	784.5	407.5	327
3416.667	783.0	411.7	322
3420.000	779.1	417.6	864
3423.333	793.3	429.0	712
3426.667	782.6	420.4	298
3430.000	792.2	425.2	483
3433.333	788.9	416.3	721
3436.667	783.6	420.2	612
3440.000	777.6	411.0	582
3443.333	781.4	423.7	459
3446.667	775.9	416.1	390
3450.000	783.6	422.7	907
3453.333	791.4	427.1	586
3456.667	785.5	412.5	337
3460.000	795.8	425.5	443
3463.333	785.1	425.6	463
3466.667	779.3	406.1	841
3470.000	782.2	422.4	506
3473.333	785.3	422.9	367
3476.667	781.8	391.8	797
3480.000	790.8	427.6	2887
3483.333	784.5	412.5	5097
3486.667	764.2	389.3	7661
3490.000	734.2	372.2	10663
3493.333	703.9	347.5	11522
3496.667	671.0	309.0	10374
3500.000	641.1	287.4	9150
3503.333	622.8	259.8	6846
3506.667	618.2	269.7	NaN
3510.000	595.2	250.7	NaN
3513.333	562.8	317.2	NaN
3516.667	NaN	NaN	NaN
3520.000	NaN	NaN	NaN
3523.333	NaN	NaN	NaN
3526.667	NaN	NaN	NaN
3530.000	NaN	NaN	NaN
3533.333	NaN	NaN	NaN
3536.667	NaN	NaN	NaN
3540.000	NaN	NaN	NaN
3543.333	NaN	NaN	NaN
3546.667	NaN	NaN	NaN
3550.000	NaN	NaN	NaN
3553.333	NaN	NaN	NaN
3556.667	NaN	NaN	NaN
3560.000	NaN	NaN	NaN
3563.333	NaN	NaN	NaN
3566.667	NaN	NaN	NaN
3570.000	NaN	NaN	NaN
3573.333	NaN	NaN	NaN
3576.667	NaN	NaN	NaN
3580.000	NaN	NaN	NaN
3583.333	NaN	NaN	NaN
3586.667	NaN	NaN	NaN
3590.000	NaN	NaN	NaN
3593.333	NaN	NaN	NaN
3596.667	NaN	NaN	NaN
3600.000	NaN	NaN	NaN
3603.333	NaN	NaN	NaN
3606.667	NaN	NaN	NaN
3610.000	NaN	NaN	NaN
3613.333	NaN	NaN	NaN
3616.667	NaN	NaN	NaN
3620.000	NaN	NaN	NaN
3623.333	NaN	NaN	NaN
3626.667	NaN	NaN	NaN
3630.000	NaN	NaN	NaN
3633.333	NaN	NaN	NaN
3636.667	NaN	NaN	NaN
3640.000	NaN	NaN	NaN
3643.333	NaN	NaN	NaN
3646.667	NaN	NaN	NaN
3650.000	NaN	NaN	NaN
3653.333	NaN	NaN	NaN
3656.667	NaN	NaN	NaN
3660.000	NaN	NaN	NaN
3663.333	NaN	NaN	NaN
3666.667	NaN	NaN	NaN
3670.000	NaN	NaN	NaN
3673.333	NaN	NaN	NaN
3676.667	NaN	NaN	NaN
3680.000	NaN	NaN	NaN
3683.333	NaN	NaN	NaN
3686.667	NaN	NaN	NaN
3690.000	NaN	NaN	NaN
3693.333	NaN	NaN	NaN
3696.667	NaN	NaN	NaN
3700.000	NaN	NaN	NaN
3703.333	NaN	NaN	NaN
3706.667	NaN	NaN	NaN
3710.000	NaN	NaN	NaN
3713.333	NaN	NaN	NaN
3716.667	NaN	NaN	NaN
3720.000	NaN	NaN	NaN
3723.333	NaN	NaN	NaN
3726.667	NaN	NaN	NaN
3730.000	NaN	NaN	NaN
3733.333	NaN	NaN	NaN
3736.667	NaN	NaN	NaN
3740.000	NaN	NaN	NaN
3743.333	NaN	NaN	NaN
3746.667	NaN	NaN	NaN
3750.000	NaN	NaN	NaN
3753.333	NaN	NaN	NaN
3756.667	NaN	NaN	NaN
3760.000	NaN	NaN	NaN
3763.333	NaN	NaN	NaN
3766.667	NaN	NaN	NaN
3770.000	NaN	NaN	NaN
3773.333	NaN	NaN	NaN
3776.667	NaN	NaN	NaN
3780.000	NaN	NaN	NaN
3783.333	NaN	NaN	NaN
3786.667	NaN	NaN	NaN
3790.000	NaN	NaN	NaN
3793.333	NaN	NaN	NaN
3796.667	NaN	NaN	NaN
3800.000	NaN	NaN	NaN
3803.333	NaN	NaN	NaN
3806.667	NaN	NaN	NaN
3810.000	NaN	NaN	NaN
3813.333	NaN	NaN	NaN
3816.667	NaN	NaN	NaN
3820.000	NaN	NaN	NaN
3823.333	NaN	NaN	NaN
3826.667	NaN	NaN	NaN
3830.000	NaN	NaN	NaN
3833.333	NaN	NaN	NaN
3836.667	NaN	NaN	NaN
3840.000	NaN	NaN	NaN
3843.333	NaN	NaN	NaN
3846.667	NaN	NaN	NaN
3850.000	NaN	NaN	NaN
3853.333	NaN	NaN	NaN
3856.667	NaN	NaN	NaN
3860.000	NaN	NaN	NaN
3863.333	NaN	NaN	NaN
3866.667	NaN	NaN	NaN
3870.000	NaN	NaN	NaN
3873.333	NaN	NaN	NaN
3876.667	NaN	NaN	NaN
3880.000	NaN	NaN	NaN
3883.333	NaN	NaN	NaN
3886.667	NaN	NaN	NaN
3890.000	NaN	NaN	NaN
3893.333	NaN	NaN	NaN
3896.667	NaN	NaN	NaN
3900.000	NaN	NaN	NaN
3903.333	NaN	NaN	NaN
3906.667	NaN	NaN	NaN
3910.000	NaN	NaN	NaN
3913.333	NaN	NaN	NaN
3916.667	NaN	NaN	NaN
3920.000	NaN	NaN	NaN
3923.333	NaN	NaN	NaN
3926.667	NaN	NaN	NaN
3930.000	NaN	NaN	NaN
3933.333	NaN	NaN	NaN
3936.667	NaN	NaN	NaN
3940.000	NaN	NaN	NaN
3943.333	NaN	NaN	NaN
3946.667	NaN	NaN	NaN
3950.000	NaN	NaN	NaN
3953.333	NaN	NaN	NaN
3956.667	NaN	NaN	NaN
3960.000	NaN	NaN	NaN
3963.333	NaN	NaN	NaN
3966.667	NaN	NaN	NaN
3970.000	NaN	NaN	NaN
3973.333	NaN	NaN	NaN
3976.667	NaN	NaN	NaN
3980.000	NaN	NaN	NaN
3983.333	NaN	NaN	NaN
3986.667	NaN	NaN	NaN
3990.000	NaN	NaN	NaN
3993.333	NaN	NaN	NaN
3996.667	NaN	NaN	NaN
4000.000	NaN	NaN	NaN
4003.333	NaN	NaN	NaN
4006.667	NaN	NaN	NaN
4010.000	NaN	NaN	NaN
4013.333	NaN	NaN	NaN
4016.667	NaN	NaN	NaN
