time	x	y	v
0.000	948.9	527.5	NaN
3.333	NaN	NaN	NaN
6.667	NaN	NaN	NaN
10.000	944.4	524.7	NaN
13.333	954.6	533.0	NaN
16.667	950.0	534.6	NaN
20.000	953.1	537.8	795
23.333	946.0	535.2	921
26.667	946.2	531.4	1067
30.000	952.3	550.3	757
33.333	958.5	553.2	986
36.667	960.4	548.4	775
40.000	950.6	542.5	114
43.333	963.3	548.9	97
46.667	959.0	552.4	167
50.000	954.4	551.4	325
53.333	956.7	546.9	261
56.667	964.0	542.6	215
60.000	958.5	541.8	57
63.333	953.1	555.4	515
66.667	953.9	555.2	521
70.000	959.6	543.3	559
73.333	957.9	557.6	141
76.667	959.6	552.1	207
80.000	962.3	557.8	409
83.333	948.3	555.1	115
86.667	955.8	552.2	251
90.000	954.8	553.8	201
93.333	960.0	559.8	143
96.667	951.7	554.1	109
100.000	953.3	552.6	287
103.333	953.3	550.9	261
106.667	956.0	555.1	316
110.000	957.1	549.1	233
113.333	952.7	554.7	304
116.667	957.1	545.8	326
120.000	952.5	549.0	356
123.333	957.9	546.9	434
126.667	959.8	549.3	139
130.000	960.0	544.5	248
133.333	961.0	550.6	NaN
136.667	952.3	541.5	NaN
140.000	956.0	544.4	NaN
143.333	NaN	NaN	NaN
146.667	NaN	NaN	NaN
150.000	957.3	546.4	NaN
153.333	957.1	545.9	NaN
156.667	950.8	541.1	NaN
160.000	955.4	544.8	NaN
163.333	951.6	550.2	NaN
166.667	953.5	552.0	NaN
170.000	NaN	NaN	NaN
173.333	NaN	NaN	NaN
176.667	NaN	NaN	NaN
180.000	958.8	556.8	NaN
183.333	959.8	557.5	NaN
186.667	955.2	558.6	NaN
190.000	958.3	555.3	212
193.333	959.0	558.9	148
196.667	966.5	557.1	190
200.000	959.6	556.2	210
203.333	958.5	557.0	339
206.667	953.3	564.1	380
210.000	958.3	551.4	349
213.333	956.4	562.2	397
216.667	958.3	560.3	426
220.000	967.9	560.4	528
223.333	961.0	558.3	333
226.667	960.4	556.5	448
230.000	961.7	570.8	359
233.333	957.3	566.9	195
236.667	961.9	565.4	193
240.000	957.1	553.2	430
243.333	958.7	558.1	96
246.667	963.1	563.5	52
250.000	953.3	563.3	367
253.333	960.0	562.0	104
256.667	960.6	558.8	291
260.000	965.0	561.3	169
263.333	951.9	562.4	167
266.667	953.3	563.8	211
270.000	965.6	562.8	196
273.333	956.5	561.8	475
276.667	961.5	564.8	280
280.000	957.9	566.4	309
283.333	964.6	563.2	79
286.667	956.2	570.2	424
290.000	961.9	566.9	248
293.333	956.7	561.6	200
296.667	951.2	561.4	329
300.000	962.5	564.0	362
303.333	960.2	564.3	606
306.667	963.3	564.6	761
310.000	964.4	569.4	346
313.333	960.2	570.1	419
316.667	964.0	575.5	521
320.000	956.0	564.2	331
323.333	952.3	564.6	418
326.667	956.5	569.3	384
330.000	961.3	569.4	204
333.333	962.5	559.5	222
336.667	954.0	565.4	98
340.000	957.9	563.1	188
343.333	959.6	566.2	77
346.667	957.9	567.4	216
350.000	959.6	558.8	282
353.333	958.3	564.8	316
356.667	960.2	568.7	447
360.000	965.8	564.9	537
363.333	952.9	574.3	180
366.667	964.8	570.0	251
370.000	962.1	569.6	452
373.333	951.9	564.2	74
376.667	958.8	573.0	374
380.000	952.9	572.6	136
383.333	961.9	569.2	284
386.667	953.1	569.2	135
390.000	958.8	571.5	231
393.333	958.8	571.8	152
396.667	954.0	569.1	245
400.000	961.5	567.0	240
403.333	953.7	569.3	193
406.667	962.3	568.5	142
410.000	955.6	566.2	236
413.333	955.4	567.5	92
416.667	953.7	567.5	353
420.000	956.5	567.6	214
423.333	955.4	568.6	303
426.667	951.2	565.4	796
430.000	951.6	569.6	1376
433.333	949.8	570.3	1107
436.667	948.9	543.0	466
440.000	944.1	543.9	2773
443.333	955.4	557.8	6678
446.667	959.0	593.8	11327
450.000	973.4	629.9	NaN
453.333	991.1	693.9	NaN
456.667	979.6	764.7	NaN
460.000	NaN	NaN	NaN
463.333	NaN	NaN	NaN
466.667	NaN	NaN	NaN
470.000	NaN	NaN	NaN
473.333	NaN	NaN	NaN
476.667	NaN	NaN	NaN
480.000	NaN	NaN	NaN
483.333	NaN	NaN	NaN
486.667	NaN	NaN	NaN
490.000	NaN	NaN	NaN
493.333	NaN	NaN	NaN
496.667	NaN	NaN	NaN
500.000	NaN	NaN	NaN
503.333	NaN	NaN	NaN
506.667	NaN	NaN	NaN
510.000	NaN	NaN	NaN
513.333	NaN	NaN	NaN
516.667	NaN	NaN	NaN
520.000	NaN	NaN	NaN
523.333	NaN	NaN	NaN
526.667	NaN	NaN	NaN
530.000	NaN	NaN	NaN
533.333	NaN	NaN	NaN
536.667	NaN	NaN	NaN
540.000	NaN	NaN	NaN
543.333	NaN	NaN	NaN
546.667	NaN	NaN	NaN
550.000	NaN	NaN	NaN
553.333	NaN	NaN	NaN
556.667	NaN	NaN	NaN
560.000	NaN	NaN	NaN
563.333	NaN	NaN	NaN
566.667	NaN	NaN	NaN
570.000	NaN	NaN	NaN
573.333	NaN	NaN	NaN
576.667	NaN	NaN	NaN
580.000	NaN	NaN	NaN
583.333	NaN	NaN	NaN
586.667	NaN	NaN	NaN
590.000	NaN	NaN	NaN
593.333	NaN	NaN	NaN
596.667	NaN	NaN	NaN
600.000	NaN	NaN	NaN
603.333	NaN	NaN	NaN
606.667	NaN	NaN	NaN
610.000	NaN	NaN	NaN
613.333	NaN	NaN	NaN
616.667	NaN	NaN	NaN
620.000	NaN	NaN	NaN
623.333	NaN	NaN	NaN
626.667	NaN	NaN	NaN
630.000	NaN	NaN	NaN
633.333	NaN	NaN	NaN
636.667	NaN	NaN	NaN
640.000	NaN	NaN	NaN
643.333	NaN	NaN	NaN
646.667	1102.5	504.9	NaN
650.000	1106.9	522.6	NaN
653.333	NaN	NaN	NaN
656.667	NaN	NaN	NaN
660.000	1124.2	482.2	NaN
663.333	NaN	NaN	NaN
666.667	NaN	NaN	NaN
670.000	NaN	NaN	NaN
673.333	NaN	NaN	NaN
676.667	1116.5	505.3	NaN
680.000	1109.6	552.6	NaN
683.333	1111.9	515.6	NaN
686.667	1114.6	508.6	2015
690.000	1113.4	501.3	2496
693.333	1106.7	466.6	893
696.667	1118.6	504.8	2344
700.000	1119.7	497.1	2917
703.333	1115.5	548.4	3688
706.667	1122.0	538.7	2667
710.000	1112.1	529.1	2123
713.333	1108.8	551.2	572
716.667	1117.6	557.6	1002
720.000	1115.9	552.5	624
723.333	1116.7	547.5	478
726.667	1111.9	556.8	599
730.000	1116.9	547.0	305
733.333	1124.4	551.0	675
736.667	1122.4	543.3	496
740.000	1117.2	558.8	520
743.333	1114.8	568.1	263
746.667	1118.2	555.4	248
750.000	1119.7	551.6	669
753.333	1121.9	553.8	589
756.667	1120.3	559.4	472
760.000	1122.8	547.1	482
763.333	1123.8	557.4	124
766.667	1122.4	566.6	455
770.000	1125.3	557.0	181
773.333	1120.3	545.5	648
776.667	1126.8	547.6	891
780.000	1126.8	559.0	487
783.333	1120.1	545.4	368
786.667	1121.3	542.2	488
790.000	1118.8	547.1	498
793.333	1118.4	544.5	954
796.667	1120.5	547.9	925
800.000	1117.1	568.0	794
803.333	1123.4	557.6	402
806.667	1125.9	555.2	482
810.000	1116.7	561.2	1181
813.333	1126.1	549.5	836
816.667	1128.8	550.0	614
820.000	1123.8	539.7	714
823.333	1125.7	546.2	177
826.667	1120.9	549.4	81
830.000	1129.7	542.1	466
833.333	1127.2	546.2	150
836.667	1127.4	546.0	658
840.000	1129.3	552.3	761
843.333	1124.4	545.9	412
846.667	1125.3	565.2	655
850.000	1124.5	551.9	302
853.333	1123.4	548.6	275
856.667	1111.5	551.1	513
860.000	1133.0	546.8	157
863.333	1126.5	550.4	10
866.667	1129.2	553.2	201
870.000	1120.3	550.7	787
873.333	1118.8	546.5	577
876.667	1123.2	545.0	747
880.000	1114.4	549.3	305
883.333	1119.4	546.7	417
886.667	1116.5	537.0	762
890.000	1116.5	563.2	832
893.333	1120.5	551.2	508
896.667	1118.4	561.8	534
900.000	1123.6	558.4	763
903.333	1122.2	546.4	1643
906.667	1127.4	550.9	3785
910.000	1132.4	559.2	6359
913.333	1157.8	537.5	9415
916.667	1204.6	536.2	12487
920.000	1245.7	505.4	14751
923.333	1290.0	472.5	14913
926.667	1338.4	441.6	14657
930.000	1363.4	387.0	13742
933.333	1396.8	386.2	12708
936.667	1438.3	362.9	11130
940.000	1479.4	354.2	9458
943.333	1514.7	343.1	7223
946.667	1529.7	348.3	4153
950.000	1531.8	336.3	2057
953.333	1533.5	343.2	889
956.667	1519.1	331.8	556
960.000	1531.4	333.0	870
963.333	1531.2	330.7	1650
966.667	1538.9	340.2	1835
970.000	1549.6	347.9	1207
973.333	1560.6	318.2	699
976.667	1549.8	326.6	251
980.000	1548.9	337.3	927
983.333	1545.8	335.4	1038
986.667	1537.5	342.4	334
990.000	1537.5	327.2	657
993.333	1544.1	331.2	595
996.667	1546.9	327.9	557
1000.000	1539.6	326.6	72
1003.333	1545.2	327.7	388
1006.667	1540.4	327.6	556
1010.000	1542.3	331.1	885
1013.333	1542.0	317.7	575
1016.667	1533.9	344.6	507
1020.000	1538.9	345.0	512
1023.333	1547.5	329.4	575
1026.667	1549.6	330.3	1007
1030.000	1547.3	321.6	524
1033.333	1546.0	331.2	431
1036.667	1546.6	330.3	622
1040.000	1555.2	336.5	570
1043.333	1550.0	334.4	218
1046.667	1545.2	339.3	133
1050.000	1556.2	329.8	240
1053.333	1546.0	336.6	513
1056.667	1548.9	335.4	552
1060.000	1552.1	330.2	612
1063.333	1555.6	324.6	612
1066.667	1547.3	328.2	612
1070.000	1542.9	322.9	612
