time	x	y	v
0.000	NaN	NaN	NaN
3.333	NaN	NaN	NaN
6.667	NaN	NaN	NaN
10.000	NaN	NaN	NaN
13.333	NaN	NaN	NaN
16.667	NaN	NaN	NaN
20.000	NaN	NaN	NaN
23.333	NaN	NaN	NaN
26.667	NaN	NaN	NaN
30.000	NaN	NaN	NaN
33.333	NaN	NaN	NaN
36.667	NaN	NaN	NaN
40.000	NaN	NaN	NaN
43.333	NaN	NaN	NaN
46.667	NaN	NaN	NaN
50.000	NaN	NaN	NaN
53.333	NaN	NaN	NaN
56.667	NaN	NaN	NaN
60.000	NaN	NaN	NaN
63.333	NaN	NaN	NaN
66.667	NaN	NaN	NaN
70.000	NaN	NaN	NaN
73.333	NaN	NaN	NaN
76.667	NaN	NaN	NaN
80.000	NaN	NaN	NaN
83.333	NaN	NaN	NaN
86.667	NaN	NaN	NaN
90.000	NaN	NaN	NaN
93.333	NaN	NaN	NaN
96.667	NaN	NaN	NaN
100.000	NaN	NaN	NaN
103.333	NaN	NaN	NaN
106.667	NaN	NaN	NaN
110.000	NaN	NaN	NaN
113.333	NaN	NaN	NaN
116.667	NaN	NaN	NaN
120.000	NaN	NaN	NaN
123.333	NaN	NaN	NaN
126.667	NaN	NaN	NaN
130.000	NaN	NaN	NaN
133.333	NaN	NaN	NaN
136.667	NaN	NaN	NaN
140.000	NaN	NaN	NaN
143.333	NaN	NaN	NaN
146.667	NaN	NaN	NaN
150.000	NaN	NaN	NaN
153.333	NaN	NaN	NaN
156.667	NaN	NaN	NaN
160.000	NaN	NaN	NaN
163.333	NaN	NaN	NaN
166.667	NaN	NaN	NaN
170.000	NaN	NaN	NaN
173.333	NaN	NaN	NaN
176.667	NaN	NaN	NaN
180.000	NaN	NaN	NaN
183.333	NaN	NaN	NaN
186.667	NaN	NaN	NaN
190.000	NaN	NaN	NaN
193.333	NaN	NaN	NaN
196.667	NaN	NaN	NaN
200.000	NaN	NaN	NaN
203.333	NaN	NaN	NaN
206.667	NaN	NaN	NaN
210.000	NaN	NaN	NaN
213.333	NaN	NaN	NaN
216.667	NaN	NaN	NaN
220.000	NaN	NaN	NaN
223.333	NaN	NaN	NaN
226.667	NaN	NaN	NaN
230.000	NaN	NaN	NaN
233.333	NaN	NaN	NaN
236.667	NaN	NaN	NaN
240.000	NaN	NaN	NaN
243.333	NaN	NaN	NaN
246.667	NaN	NaN	NaN
250.000	NaN	NaN	NaN
253.333	NaN	NaN	NaN
256.667	NaN	NaN	NaN
260.000	NaN	NaN	NaN
263.333	NaN	NaN	NaN
266.667	NaN	NaN	NaN
270.000	NaN	NaN	NaN
273.333	NaN	NaN	NaN
276.667	NaN	NaN	NaN
280.000	NaN	NaN	NaN
283.333	NaN	NaN	NaN
286.667	NaN	NaN	NaN
290.000	NaN	NaN	NaN
293.333	NaN	NaN	NaN
296.667	NaN	NaN	NaN
300.000	NaN	NaN	NaN
303.333	NaN	NaN	NaN
306.667	NaN	NaN	NaN
310.000	NaN	NaN	NaN
313.333	NaN	NaN	NaN
316.667	NaN	NaN	NaN
320.000	NaN	NaN	NaN
323.333	NaN	NaN	NaN
326.667	NaN	NaN	NaN
330.000	NaN	NaN	NaN
333.333	NaN	NaN	NaN
336.667	NaN	NaN	NaN
340.000	NaN	NaN	NaN
343.333	NaN	NaN	NaN
346.667	NaN	NaN	NaN
350.000	NaN	NaN	NaN
353.333	NaN	NaN	NaN
356.667	NaN	NaN	NaN
360.000	NaN	NaN	NaN
363.333	NaN	NaN	NaN
366.667	NaN	NaN	NaN
370.000	NaN	NaN	NaN
373.333	NaN	NaN	NaN
376.667	NaN	NaN	NaN
380.000	NaN	NaN	NaN
383.333	NaN	NaN	NaN
386.667	NaN	NaN	NaN
390.000	NaN	NaN	NaN
393.333	NaN	NaN	NaN
396.667	NaN	NaN	NaN
400.000	NaN	NaN	NaN
403.333	NaN	NaN	NaN
406.667	NaN	NaN	NaN
410.000	NaN	NaN	NaN
413.333	NaN	NaN	NaN
416.667	NaN	NaN	NaN
420.000	NaN	NaN	NaN
423.333	NaN	NaN	NaN
426.667	NaN	NaN	NaN
430.000	NaN	NaN	NaN
433.333	NaN	NaN	NaN
436.667	NaN	NaN	NaN
440.000	NaN	NaN	NaN
443.333	NaN	NaN	NaN
446.667	NaN	NaN	NaN
450.000	NaN	NaN	NaN
453.333	NaN	NaN	NaN
456.667	NaN	NaN	NaN
460.000	NaN	NaN	NaN
463.333	NaN	NaN	NaN
466.667	NaN	NaN	NaN
470.000	NaN	NaN	NaN
473.333	NaN	NaN	NaN
476.667	NaN	NaN	NaN
480.000	NaN	NaN	NaN
483.333	NaN	NaN	NaN
486.667	NaN	NaN	NaN
490.000	NaN	NaN	NaN
493.333	NaN	NaN	NaN
496.667	NaN	NaN	NaN
500.000	NaN	NaN	NaN
503.333	NaN	NaN	NaN
506.667	NaN	NaN	NaN
510.000	NaN	NaN	NaN
513.333	NaN	NaN	NaN
516.667	NaN	NaN	NaN
520.000	NaN	NaN	NaN
523.333	NaN	NaN	NaN
526.667	NaN	NaN	NaN
530.000	NaN	NaN	NaN
533.333	NaN	NaN	NaN
536.667	NaN	NaN	NaN
540.000	NaN	NaN	NaN
543.333	NaN	NaN	NaN
546.667	NaN	NaN	NaN
550.000	NaN	NaN	NaN
553.333	NaN	NaN	NaN
556.667	NaN	NaN	NaN
560.000	NaN	NaN	NaN
563.333	NaN	NaN	NaN
566.667	NaN	NaN	NaN
570.000	NaN	NaN	NaN
573.333	NaN	NaN	NaN
576.667	NaN	NaN	NaN
580.000	NaN	NaN	NaN
583.333	NaN	NaN	NaN
586.667	NaN	NaN	NaN
590.000	NaN	NaN	NaN
593.333	NaN	NaN	NaN
596.667	NaN	NaN	NaN
600.000	NaN	NaN	NaN
603.333	NaN	NaN	NaN
606.667	NaN	NaN	NaN
610.000	NaN	NaN	NaN
613.333	NaN	NaN	NaN
616.667	NaN	NaN	NaN
620.000	NaN	NaN	NaN
623.333	NaN	NaN	NaN
626.667	NaN	NaN	NaN
630.000	NaN	NaN	NaN
633.333	NaN	NaN	NaN
636.667	NaN	NaN	NaN
640.000	NaN	NaN	NaN
643.333	NaN	NaN	NaN
646.667	NaN	NaN	NaN
650.000	NaN	NaN	NaN
653.333	NaN	NaN	NaN
656.667	NaN	NaN	NaN
660.000	NaN	NaN	NaN
663.333	NaN	NaN	NaN
666.667	NaN	NaN	NaN
670.000	NaN	NaN	NaN
673.333	NaN	NaN	NaN
676.667	NaN	NaN	NaN
680.000	NaN	NaN	NaN
683.333	NaN	NaN	NaN
686.667	NaN	NaN	NaN
690.000	NaN	NaN	NaN
693.333	NaN	NaN	NaN
696.667	NaN	NaN	NaN
700.000	NaN	NaN	NaN
703.333	NaN	NaN	NaN
706.667	NaN	NaN	NaN
710.000	NaN	NaN	NaN
713.333	NaN	NaN	NaN
716.667	NaN	NaN	NaN
720.000	NaN	NaN	NaN
723.333	NaN	NaN	NaN
726.667	NaN	NaN	NaN
730.000	NaN	NaN	NaN
733.333	NaN	NaN	NaN
736.667	NaN	NaN	NaN
740.000	NaN	NaN	NaN
743.333	NaN	NaN	NaN
746.667	NaN	NaN	NaN
750.000	NaN	NaN	NaN
753.333	NaN	NaN	NaN
756.667	NaN	NaN	NaN
760.000	NaN	NaN	NaN
763.333	NaN	NaN	NaN
766.667	NaN	NaN	NaN
770.000	NaN	NaN	NaN
773.333	NaN	NaN	NaN
776.667	NaN	NaN	NaN
780.000	NaN	NaN	NaN
783.333	NaN	NaN	NaN
786.667	NaN	NaN	NaN
790.000	NaN	NaN	NaN
793.333	NaN	NaN	NaN
796.667	NaN	NaN	NaN
800.000	NaN	NaN	NaN
803.333	NaN	NaN	NaN
806.667	NaN	NaN	NaN
810.000	NaN	NaN	NaN
813.333	NaN	NaN	NaN
816.667	NaN	NaN	NaN
820.000	NaN	NaN	NaN
823.333	NaN	NaN	NaN
826.667	NaN	NaN	NaN
830.000	NaN	NaN	NaN
833.333	NaN	NaN	NaN
836.667	NaN	NaN	NaN
840.000	NaN	NaN	NaN
843.333	NaN	NaN	NaN
846.667	NaN	NaN	NaN
850.000	NaN	NaN	NaN
853.333	NaN	NaN	NaN
856.667	NaN	NaN	NaN
860.000	NaN	NaN	NaN
863.333	NaN	NaN	NaN
866.667	NaN	NaN	NaN
870.000	NaN	NaN	NaN
873.333	NaN	NaN	NaN
876.667	NaN	NaN	NaN
880.000	NaN	NaN	NaN
883.333	NaN	NaN	NaN
886.667	NaN	NaN	NaN
890.000	NaN	NaN	NaN
893.333	NaN	NaN	NaN
896.667	NaN	NaN	NaN
900.000	NaN	NaN	NaN
903.333	NaN	NaN	NaN
906.667	NaN	NaN	NaN
910.000	NaN	NaN	NaN
913.333	NaN	NaN	NaN
916.667	NaN	NaN	NaN
920.000	NaN	NaN	NaN
923.333	NaN	NaN	NaN
926.667	NaN	NaN	NaN
930.000	NaN	NaN	NaN
933.333	NaN	NaN	NaN
936.667	NaN	NaN	NaN
940.000	NaN	NaN	NaN
943.333	NaN	NaN	NaN
946.667	NaN	NaN	NaN
950.000	NaN	NaN	NaN
953.333	NaN	NaN	NaN
956.667	NaN	NaN	NaN
960.000	NaN	NaN	NaN
963.333	NaN	NaN	NaN
966.667	NaN	NaN	NaN
970.000	NaN	NaN	NaN
973.333	NaN	NaN	NaN
976.667	NaN	NaN	NaN
980.000	NaN	NaN	NaN
983.333	NaN	NaN	NaN
986.667	NaN	NaN	NaN
990.000	NaN	NaN	NaN
993.333	NaN	NaN	NaN
996.667	NaN	NaN	NaN
1000.000	NaN	NaN	NaN
1003.333	NaN	NaN	NaN
1006.667	NaN	NaN	NaN
1010.000	NaN	NaN	NaN
1013.333	NaN	NaN	NaN
1016.667	NaN	NaN	NaN
1020.000	NaN	NaN	NaN
1023.333	NaN	NaN	NaN
1026.667	NaN	NaN	NaN
1030.000	NaN	NaN	NaN
1033.333	NaN	NaN	NaN
1036.667	NaN	NaN	NaN
1040.000	NaN	NaN	NaN
1043.333	NaN	NaN	NaN
1046.667	NaN	NaN	NaN
1050.000	NaN	NaN	NaN
1053.333	NaN	NaN	NaN
1056.667	NaN	NaN	NaN
1060.000	NaN	NaN	NaN
1063.333	NaN	NaN	NaN
1066.667	NaN	NaN	NaN
1070.000	NaN	NaN	NaN
1073.333	NaN	NaN	NaN
1076.667	NaN	NaN	NaN
1080.000	NaN	NaN	NaN
1083.333	NaN	NaN	NaN
1086.667	NaN	NaN	NaN
1090.000	NaN	NaN	NaN
1093.333	NaN	NaN	NaN
1096.667	NaN	NaN	NaN
1100.000	NaN	NaN	NaN
1103.333	NaN	NaN	NaN
1106.667	NaN	NaN	NaN
1110.000	NaN	NaN	NaN
1113.333	NaN	NaN	NaN
1116.667	NaN	NaN	NaN
1120.000	NaN	NaN	NaN
1123.333	NaN	NaN	NaN
1126.667	NaN	NaN	NaN
1130.000	NaN	NaN	NaN
1133.333	NaN	NaN	NaN
1136.667	NaN	NaN	NaN
1140.000	NaN	NaN	NaN
1143.333	NaN	NaN	NaN
1146.667	NaN	NaN	NaN
1150.000	NaN	NaN	NaN
1153.333	NaN	NaN	NaN
1156.667	NaN	NaN	NaN
1160.000	NaN	NaN	NaN
1163.333	NaN	NaN	NaN
1166.667	NaN	NaN	NaN
1170.000	NaN	NaN	NaN
1173.333	NaN	NaN	NaN
1176.667	NaN	NaN	NaN
1180.000	NaN	NaN	NaN
1183.333	NaN	NaN	NaN
1186.667	NaN	NaN	NaN
1190.000	NaN	NaN	NaN
1193.333	NaN	NaN	NaN
1196.667	NaN	NaN	NaN
1200.000	NaN	NaN	NaN
1203.333	NaN	NaN	NaN
1206.667	NaN	NaN	NaN
1210.000	NaN	NaN	NaN
1213.333	NaN	NaN	NaN
1216.667	NaN	NaN	NaN
1220.000	NaN	NaN	NaN
1223.333	NaN	NaN	NaN
1226.667	NaN	NaN	NaN
1230.000	NaN	NaN	NaN
1233.333	NaN	NaN	NaN
1236.667	NaN	NaN	NaN
1240.000	NaN	NaN	NaN
1243.333	NaN	NaN	NaN
1246.667	NaN	NaN	NaN
1250.000	NaN	NaN	NaN
1253.333	NaN	NaN	NaN
1256.667	NaN	NaN	NaN
1260.000	NaN	NaN	NaN
1263.333	NaN	NaN	NaN
1266.667	NaN	NaN	NaN
1270.000	NaN	NaN	NaN
1273.333	NaN	NaN	NaN
1276.667	NaN	NaN	NaN
1280.000	NaN	NaN	NaN
1283.333	NaN	NaN	NaN
1286.667	NaN	NaN	NaN
1290.000	NaN	NaN	NaN
1293.333	NaN	NaN	NaN
1296.667	NaN	NaN	NaN
1300.000	NaN	NaN	NaN
1303.333	NaN	NaN	NaN
1306.667	NaN	NaN	NaN
1310.000	NaN	NaN	NaN
1313.333	NaN	NaN	NaN
1316.667	NaN	NaN	NaN
1320.000	NaN	NaN	NaN
1323.333	NaN	NaN	NaN
1326.667	NaN	NaN	NaN
1330.000	NaN	NaN	NaN
1333.333	NaN	NaN	NaN
1336.667	NaN	NaN	NaN
1340.000	NaN	NaN	NaN
1343.333	NaN	NaN	NaN
1346.667	NaN	NaN	NaN
1350.000	NaN	NaN	NaN
1353.333	NaN	NaN	NaN
1356.667	NaN	NaN	NaN
1360.000	NaN	NaN	NaN
1363.333	NaN	NaN	NaN
1366.667	NaN	NaN	NaN
1370.000	NaN	NaN	NaN
1373.333	NaN	NaN	NaN
1376.667	NaN	NaN	NaN
1380.000	NaN	NaN	NaN
1383.333	NaN	NaN	NaN
1386.667	NaN	NaN	NaN
1390.000	NaN	NaN	NaN
1393.333	NaN	NaN	NaN
1396.667	NaN	NaN	NaN
1400.000	NaN	NaN	NaN
1403.333	NaN	NaN	NaN
1406.667	NaN	NaN	NaN
1410.000	NaN	NaN	NaN
1413.333	NaN	NaN	NaN
1416.667	NaN	NaN	NaN
1420.000	NaN	NaN	NaN
1423.333	NaN	NaN	NaN
1426.667	NaN	NaN	NaN
1430.000	NaN	NaN	NaN
1433.333	NaN	NaN	NaN
1436.667	NaN	NaN	NaN
1440.000	NaN	NaN	NaN
1443.333	NaN	NaN	NaN
1446.667	NaN	NaN	NaN
1450.000	NaN	NaN	NaN
1453.333	NaN	NaN	NaN
1456.667	NaN	NaN	NaN
1460.000	NaN	NaN	NaN
1463.333	NaN	NaN	NaN
1466.667	NaN	NaN	NaN
1470.000	NaN	NaN	NaN
1473.333	NaN	NaN	NaN
1476.667	NaN	NaN	NaN
1480.000	NaN	NaN	NaN
1483.333	NaN	NaN	NaN
1486.667	NaN	NaN	NaN
1490.000	NaN	NaN	NaN
1493.333	NaN	NaN	NaN
1496.667	NaN	NaN	NaN
1500.000	NaN	NaN	NaN
1503.333	NaN	NaN	NaN
1506.667	NaN	NaN	NaN
1510.000	NaN	NaN	NaN
1513.333	NaN	NaN	NaN
1516.667	NaN	NaN	NaN
1520.000	NaN	NaN	NaN
1523.333	NaN	NaN	NaN
1526.667	NaN	NaN	NaN
1530.000	NaN	NaN	NaN
1533.333	NaN	NaN	NaN
1536.667	NaN	NaN	NaN
1540.000	NaN	NaN	NaN
1543.333	NaN	NaN	NaN
1546.667	NaN	NaN	NaN
1550.000	NaN	NaN	NaN
1553.333	NaN	NaN	NaN
1556.667	NaN	NaN	NaN
1560.000	NaN	NaN	NaN
1563.333	NaN	NaN	NaN
1566.667	NaN	NaN	NaN
1570.000	NaN	NaN	NaN
1573.333	NaN	NaN	NaN
1576.667	NaN	NaN	NaN
1580.000	NaN	NaN	NaN
1583.333	NaN	NaN	NaN
1586.667	NaN	NaN	NaN
1590.000	NaN	NaN	NaN
1593.333	NaN	NaN	NaN
1596.667	NaN	NaN	NaN
1600.000	NaN	NaN	NaN
1603.333	NaN	NaN	NaN
1606.667	NaN	NaN	NaN
1610.000	NaN	NaN	NaN
1613.333	NaN	NaN	NaN
1616.667	NaN	NaN	NaN
1620.000	NaN	NaN	NaN
1623.333	NaN	NaN	NaN
1626.667	NaN	NaN	NaN
1630.000	NaN	NaN	NaN
1633.333	NaN	NaN	NaN
1636.667	NaN	NaN	NaN
1640.000	NaN	NaN	NaN
1643.333	NaN	NaN	NaN
1646.667	NaN	NaN	NaN
1650.000	NaN	NaN	NaN
1653.333	NaN	NaN	NaN
1656.667	NaN	NaN	NaN
1660.000	NaN	NaN	NaN
1663.333	NaN	NaN	NaN
1666.667	NaN	NaN	NaN
1670.000	NaN	NaN	NaN
1673.333	NaN	NaN	NaN
1676.667	NaN	NaN	NaN
1680.000	NaN	NaN	NaN
1683.333	NaN	NaN	NaN
1686.667	NaN	NaN	NaN
1690.000	NaN	NaN	NaN
1693.333	NaN	NaN	NaN
1696.667	NaN	NaN	NaN
1700.000	NaN	NaN	NaN
1703.333	NaN	NaN	NaN
1706.667	NaN	NaN	NaN
1710.000	NaN	NaN	NaN
1713.333	NaN	NaN	NaN
1716.667	NaN	NaN	NaN
1720.000	NaN	NaN	NaN
1723.333	NaN	NaN	NaN
1726.667	NaN	NaN	NaN
1730.000	NaN	NaN	NaN
1733.333	NaN	NaN	NaN
1736.667	NaN	NaN	NaN
1740.000	NaN	NaN	NaN
1743.333	NaN	NaN	NaN
1746.667	NaN	NaN	NaN
1750.000	NaN	NaN	NaN
1753.333	NaN	NaN	NaN
1756.667	NaN	NaN	NaN
1760.000	NaN	NaN	NaN
1763.333	NaN	NaN	NaN
1766.667	1202.1	279.9	NaN
1770.000	1205.8	286.6	NaN
1773.333	1198.8	273.7	NaN
1776.667	1204.4	300.8	NaN
1780.000	NaN	NaN	NaN
1783.333	NaN	NaN	NaN
1786.667	NaN	NaN	NaN
1790.000	NaN	NaN	NaN
1793.333	NaN	NaN	NaN
1796.667	NaN	NaN	NaN
1800.000	NaN	NaN	NaN
1803.333	NaN	NaN	NaN
1806.667	NaN	NaN	NaN
1810.000	NaN	NaN	NaN
1813.333	NaN	NaN	NaN
1816.667	NaN	NaN	NaN
1820.000	1195.4	308.7	NaN
1823.333	1204.8	298.1	NaN
1826.667	NaN	NaN	NaN
1830.000	NaN	NaN	NaN
1833.333	NaN	NaN	NaN
1836.667	1205.4	306.7	NaN
1840.000	1204.6	294.7	NaN
1843.333	1202.3	313.2	NaN
1846.667	1202.1	286.3	759
1850.000	1211.5	273.0	261
1853.333	1201.5	301.6	225
1856.667	1200.2	292.2	349
1860.000	1205.6	311.7	102
1863.333	1198.3	294.2	1382
1866.667	1209.6	279.7	1540
1870.000	1209.6	288.5	1683
1873.333	1214.8	277.2	627
1876.667	1216.1	276.8	359
1880.000	1211.7	275.6	284
1883.333	1209.4	288.0	455
1886.667	1210.6	291.7	378
1890.000	1222.5	271.0	NaN
1893.333	1214.6	289.4	NaN
1896.667	1210.6	285.0	NaN
1900.000	NaN	NaN	NaN
1903.333	NaN	NaN	NaN
1906.667	NaN	NaN	NaN
1910.000	NaN	NaN	NaN
1913.333	NaN	NaN	NaN
1916.667	NaN	NaN	NaN
1920.000	1215.4	288.6	NaN
1923.333	1215.4	291.1	NaN
1926.667	1217.5	300.8	NaN
1930.000	1213.6	291.8	507
1933.333	1216.7	314.7	370
1936.667	1210.8	302.5	683
1940.000	1215.9	291.8	681
1943.333	1212.5	303.9	213
1946.667	1210.9	320.2	438
1950.000	1212.7	308.4	163
1953.333	1213.8	307.0	794
1956.667	1214.0	304.3	1104
1960.000	1218.4	293.5	620
1963.333	1213.2	299.2	404
1966.667	1219.8	298.3	703
1970.000	1221.7	301.5	1474
1973.333	1218.8	314.2	NaN
1976.667	1219.2	310.1	NaN
1980.000	1218.4	326.7	NaN
1983.333	NaN	NaN	NaN
1986.667	NaN	NaN	NaN
1990.000	NaN	NaN	NaN
1993.333	NaN	NaN	NaN
1996.667	1224.4	298.5	NaN
2000.000	1223.0	313.8	NaN
2003.333	1213.6	332.6	NaN
2006.667	1222.5	321.8	1737
2010.000	1208.6	338.4	564
2013.333	1217.3	324.3	320
2016.667	1223.0	343.2	130
2020.000	1220.0	323.5	191
2023.333	1218.6	324.2	317
2026.667	1217.5	328.4	497
2030.000	1215.6	339.9	824
2033.333	1213.2	324.4	918
2036.667	1213.2	335.1	1374
2040.000	1218.6	342.4	2216
2043.333	1218.2	345.1	3466
2046.667	1228.4	359.2	4305
2050.000	1243.6	369.7	NaN
2053.333	1270.3	367.5	NaN
2056.667	1286.6	376.7	NaN
2060.000	NaN	NaN	NaN
2063.333	NaN	NaN	NaN
2066.667	NaN	NaN	NaN
2070.000	NaN	NaN	NaN
2073.333	1303.5	333.4	NaN
2076.667	1306.9	341.3	NaN
2080.000	1316.5	324.8	NaN
2083.333	1314.0	348.2	1548
2086.667	1320.8	341.7	1638
2090.000	1310.6	352.9	1719
2093.333	1313.1	366.2	862
2096.667	1306.8	362.9	1199
2100.000	1313.9	359.3	686
2103.333	1313.7	359.2	607
2106.667	1302.5	373.6	886
2110.000	1305.2	368.1	225
2113.333	1314.4	339.4	345
2116.667	1309.4	345.6	817
2120.000	1313.5	372.8	310
2123.333	1314.0	372.9	342
2126.667	1315.2	341.5	NaN
2130.000	1308.9	349.8	NaN
2133.333	1304.1	350.1	NaN
2136.667	NaN	NaN	NaN
2140.000	NaN	NaN	NaN
2143.333	NaN	NaN	NaN
2146.667	1311.2	359.9	NaN
2150.000	1315.6	332.2	NaN
2153.333	1317.1	346.2	NaN
2156.667	1316.7	332.7	908
2160.000	1317.5	334.6	12
2163.333	1318.1	338.7	432
2166.667	1314.6	331.7	637
2170.000	1316.5	339.7	1259
2173.333	1318.7	329.2	1312
2176.667	1318.7	316.3	1351
2180.000	1315.8	311.1	1483
2183.333	1323.5	319.9	591
2186.667	1322.3	310.4	140
2190.000	1319.0	305.3	365
2193.333	1315.8	318.4	851
2196.667	1316.2	314.6	784
2200.000	1317.7	301.9	NaN
2203.333	1305.6	337.4	NaN
2206.667	1314.8	313.1	NaN
2210.000	NaN	NaN	NaN
2213.333	NaN	NaN	NaN
2216.667	NaN	NaN	NaN
2220.000	NaN	NaN	NaN
2223.333	NaN	NaN	NaN
2226.667	NaN	NaN	NaN
2230.000	1320.8	322.6	NaN
2233.333	1316.4	301.9	NaN
2236.667	1325.8	295.6	NaN
2240.000	1327.1	296.2	419
2243.333	1321.7	310.4	775
2246.667	1323.3	299.6	870
2250.000	1318.5	306.2	454
2253.333	1318.3	317.4	733
2256.667	1324.8	308.8	780
2260.000	1324.4	305.3	1020
2263.333	1334.0	288.7	537
2266.667	1333.4	306.4	331
2270.000	1330.8	301.3	56
2273.333	1324.6	311.9	188
2276.667	1335.4	303.9	607
2280.000	1327.1	294.9	911
2283.333	1332.7	299.7	537
2286.667	1338.6	295.7	553
2290.000	1334.0	287.7	587
2293.333	1331.7	309.1	432
2296.667	1344.0	286.3	60
2300.000	1337.9	308.2	465
2303.333	1340.0	300.7	622
2306.667	1332.5	289.2	702
2310.000	1335.7	310.6	1048
2313.333	1333.4	280.7	592
2316.667	1330.9	288.1	228
2320.000	1332.7	288.7	341
2323.333	1331.3	293.1	1586
2326.667	1337.5	305.1	725
2330.000	1336.3	302.7	793
2333.333	1334.0	314.5	443
2336.667	1332.7	289.9	182
2340.000	1336.5	312.1	274
2343.333	1334.8	306.4	309
2346.667	1332.1	302.4	101
2350.000	1344.0	300.6	713
2353.333	1335.7	305.0	42
2356.667	1333.2	296.5	145
2360.000	1337.1	295.7	665
2363.333	1335.9	311.3	432
2366.667	1335.6	302.6	482
2370.000	1323.1	301.9	295
2373.333	1329.8	301.4	83
2376.667	1330.2	304.5	283
2380.000	1337.1	307.8	673
2383.333	1332.5	304.3	638
2386.667	1333.6	304.5	442
2390.000	1335.4	313.8	546
2393.333	1323.8	315.8	672
2396.667	1332.1	308.3	174
2400.000	1325.8	309.6	215
2403.333	1329.4	321.4	387
2406.667	1331.7	300.1	194
2410.000	1327.1	314.5	264
2413.333	1331.5	325.1	270
2416.667	1331.7	294.9	225
2420.000	1332.1	316.4	498
2423.333	1334.4	312.1	315
2426.667	1333.6	304.0	578
2430.000	1336.7	312.9	337
2433.333	1335.7	311.7	1048
2436.667	1333.1	315.3	797
2440.000	1332.7	322.3	881
2443.333	1328.8	330.9	1017
2446.667	1334.0	312.6	899
2450.000	1333.8	333.9	582
2453.333	1326.7	333.1	252
2456.667	1327.3	333.8	396
2460.000	1342.7	330.4	787
2463.333	1333.1	318.4	592
2466.667	1338.0	315.3	241
2470.000	1338.2	330.8	644
2473.333	1337.3	331.6	412
2476.667	1336.5	330.3	319
2480.000	1334.2	336.0	883
2483.333	1330.8	316.3	916
2486.667	1334.6	320.4	743
2490.000	1331.1	317.6	851
2493.333	1333.1	317.7	1014
2496.667	1333.6	319.1	906
2500.000	1327.9	309.0	201
2503.333	1337.1	292.0	655
2506.667	1332.9	312.2	938
2510.000	1326.9	325.0	1157
2513.333	1328.8	331.9	730
2516.667	1333.6	321.9	584
2520.000	1328.6	318.4	NaN
2523.333	1334.0	311.4	NaN
2526.667	1344.2	317.2	NaN
2530.000	NaN	NaN	NaN
2533.333	NaN	NaN	NaN
2536.667	NaN	NaN	NaN
2540.000	1335.6	320.1	NaN
2543.333	1331.7	308.0	NaN
2546.667	1333.1	310.0	NaN
2550.000	1335.4	311.9	662
2553.333	1333.2	308.6	310
2556.667	1333.4	304.6	273
2560.000	1330.8	302.6	164
2563.333	1330.9	324.5	153
2566.667	1329.0	306.8	661
2570.000	1338.6	311.5	982
2573.333	1332.7	306.7	893
2576.667	1334.0	286.1	295
2580.000	1337.7	299.5	490
2583.333	1336.5	311.9	906
2586.667	1337.5	311.9	1593
2590.000	1330.8	314.2	851
2593.333	1332.1	311.9	NaN
2596.667	1323.5	323.9	NaN
2600.000	1337.7	315.8	NaN
2603.333	NaN	NaN	NaN
2606.667	NaN	NaN	NaN
2610.000	NaN	NaN	NaN
2613.333	NaN	NaN	NaN
2616.667	1340.5	321.0	NaN
2620.000	1338.0	310.8	NaN
2623.333	1338.8	315.8	NaN
2626.667	1336.7	326.8	437
2630.000	1327.9	325.0	85
2633.333	1342.5	304.8	780
2636.667	1339.8	308.4	300
2640.000	1333.4	321.4	371
2643.333	1334.4	300.8	648
2646.667	1340.4	329.5	392
2650.000	1339.4	319.0	434
2653.333	1345.2	314.6	410
2656.667	1336.1	317.6	855
2660.000	1341.9	322.7	774
2663.333	1339.2	317.6	1063
2666.667	1338.4	301.3	938
2670.000	1339.0	304.1	1053
2673.333	1339.8	298.0	616
2676.667	1337.3	309.4	244
2680.000	1341.5	296.6	188
2683.333	1339.2	299.9	577
2686.667	1340.5	297.5	250
2690.000	1341.1	302.7	285
2693.333	1345.0	285.8	615
2696.667	1334.2	307.9	594
2700.000	1346.1	303.6	513
2703.333	1330.4	311.8	1297
2706.667	1342.1	303.3	724
2710.000	1336.5	303.7	1276
2713.333	1330.9	326.6	1482
2716.667	1337.1	317.2	1120
2720.000	1347.1	331.9	583
2723.333	1344.0	331.0	537
2726.667	1340.9	316.9	988
2730.000	1339.2	319.5	1704
2733.333	1336.7	314.2	1533
2736.667	1335.0	304.0	1270
2740.000	1335.7	301.2	NaN
2743.333	1333.2	301.5	NaN
2746.667	1331.7	296.0	NaN
2750.000	NaN	NaN	NaN
2753.333	NaN	NaN	NaN
2756.667	NaN	NaN	NaN
2760.000	NaN	NaN	NaN
2763.333	NaN	NaN	NaN
2766.667	NaN	NaN	NaN
2770.000	1342.3	311.0	NaN
2773.333	1335.4	305.2	NaN
2776.667	1340.9	287.8	NaN
2780.000	1340.0	227.3	740
2783.333	1341.5	298.9	520
2786.667	1344.8	286.8	2186
2790.000	1335.4	296.6	3307
2793.333	1341.7	295.2	1570
2796.667	1339.8	311.4	1866
2800.000	1339.8	319.1	1704
2803.333	1342.1	321.3	1175
2806.667	1337.5	320.3	356
2810.000	1344.8	329.0	332
2813.333	1338.6	319.6	460
2816.667	1338.0	319.5	73
2820.000	1346.3	330.0	246
2823.333	1340.7	332.1	228
2826.667	1339.8	315.4	211
2830.000	1339.0	321.1	185
2833.333	1338.0	330.2	349
2836.667	1343.6	329.6	572
2840.000	1339.2	326.6	264
2843.333	1343.2	332.0	299
2846.667	1339.6	326.8	196
2850.000	1345.2	318.3	378
2853.333	1346.1	338.9	829
2856.667	1343.4	322.6	588
2860.000	1346.9	322.6	710
2863.333	1346.7	308.8	821
2866.667	1343.2	321.0	1281
2870.000	1342.7	313.0	1625
2873.333	1362.0	367.1	1913
2876.667	1354.8	325.9	1501
2880.000	1366.3	335.7	1266
2883.333	1370.1	336.0	1208
2886.667	1365.3	337.0	428
2890.000	1373.6	339.3	576
2893.333	1366.8	324.2	380
2896.667	1364.2	324.9	682
2900.000	1360.1	332.2	904
2903.333	1365.3	340.8	1249
2906.667	1363.4	352.2	1665
2910.000	1347.6	311.4	1992
2913.333	1340.7	312.0	2436
2916.667	1345.0	313.0	1706
2920.000	1339.4	318.5	573
2923.333	1338.6	300.8	210
2926.667	1338.0	314.6	301
2930.000	1341.5	328.4	265
2933.333	1346.1	309.0	311
2936.667	1330.8	313.4	667
2940.000	1337.9	304.8	1526
2943.333	1336.9	320.3	2541
2946.667	1361.7	332.1	2850
2950.000	1359.6	347.1	2367
2953.333	1356.7	346.9	1408
2956.667	1357.1	352.0	593
2960.000	1358.8	344.7	969
2963.333	1366.8	344.6	1005
2966.667	1365.1	350.6	1158
2970.000	1350.3	317.0	845
2973.333	1360.7	337.1	578
2976.667	1360.7	330.3	622
2980.000	1354.4	334.5	452
2983.333	1371.6	333.0	364
2986.667	1356.5	321.7	173
2990.000	1361.1	334.3	115
2993.333	1361.5	327.5	92
2996.667	1364.2	337.2	232
3000.000	1356.9	326.3	162
3003.333	1368.8	326.6	363
3006.667	1356.7	333.4	533
3010.000	1361.5	338.7	180
3013.333	1356.1	332.7	445
3016.667	1357.2	342.1	940
3020.000	1360.7	312.2	1000
3023.333	1364.0	326.2	291
3026.667	1366.8	322.6	179
3030.000	1351.7	319.7	915
3033.333	1360.9	335.8	467
3036.667	1362.4	334.0	618
3040.000	1353.6	329.2	163
3043.333	1356.9	324.6	330
3046.667	1352.8	335.7	168
3050.000	1363.8	324.3	550
3053.333	1360.1	329.8	321
3056.667	1354.6	328.6	664
3060.000	1358.4	312.3	191
3063.333	1357.6	328.9	117
3066.667	1349.4	319.5	536
3070.000	1365.1	327.7	517
3073.333	1355.3	324.5	570
3076.667	1366.1	332.5	668
3080.000	1360.1	321.3	1495
3083.333	1356.1	309.3	847
3086.667	1351.5	312.1	867
3090.000	1350.9	301.8	756
3093.333	1357.2	324.2	1191
3096.667	1353.6	311.5	959
3100.000	1355.3	338.9	994
3103.333	1361.9	324.1	341
3106.667	1356.5	319.8	265
3110.000	1352.1	331.2	989
3113.333	1359.6	306.9	830
3116.667	1360.3	325.1	1191
3120.000	1354.4	311.8	521
3123.333	1346.1	310.1	866
3126.667	1357.8	295.5	1753
3130.000	1347.6	331.3	2494
3133.333	1367.4	335.1	2622
3136.667	1364.0	355.4	2147
3140.000	1352.3	344.8	549
3143.333	1357.1	349.7	732
3146.667	1354.8	346.8	325
3150.000	1355.9	342.4	464
3153.333	1352.4	354.9	161
3156.667	1355.9	356.9	292
3160.000	1354.2	351.8	351
3163.333	1352.4	341.4	351
3166.667	1354.2	357.3	487
3170.000	1345.9	350.4	421
3173.333	1356.3	346.9	735
3176.667	1353.6	342.4	1263
3180.000	1354.6	341.6	605
3183.333	1348.2	331.7	431
3186.667	1358.4	332.5	593
3190.000	1356.5	347.7	630
3193.333	1364.7	339.8	534
3196.667	1362.2	341.5	459
3200.000	1359.7	343.0	599
3203.333	1355.7	339.8	726
3206.667	1347.1	341.4	572
3210.000	1352.3	351.3	659
3213.333	1354.2	340.8	223
3216.667	1349.8	343.1	126
3220.000	1341.1	337.6	370
3223.333	1354.2	347.9	538
3226.667	1354.0	345.6	904
3230.000	1359.9	339.4	1168
3233.333	1359.7	338.9	1768
3236.667	1360.5	332.3	2426
3240.000	1343.2	314.8	2255
3243.333	1343.4	318.7	1817
3246.667	1335.9	300.3	1118
3250.000	1335.9	316.3	377
3253.333	1341.1	312.0	846
3256.667	1334.0	318.1	557
3260.000	1341.7	301.3	433
3263.333	1341.1	291.2	418
3266.667	1331.3	303.4	540
3270.000	1336.5	318.1	1150
3273.333	1340.7	298.5	1367
3276.667	1350.1	320.3	1283
3280.000	1353.6	312.4	818
3283.333	1352.1	314.2	466
3286.667	1352.4	319.0	618
3290.000	1353.4	308.8	430
3293.333	1353.0	307.5	264
3296.667	1355.3	306.9	322
3300.000	1349.2	307.9	822
3303.333	1347.1	317.2	465
3306.667	1350.1	319.6	365
3310.000	1355.1	322.7	NaN
3313.333	1344.4	281.3	NaN
3316.667	1350.7	312.7	NaN
3320.000	NaN	NaN	NaN
3323.333	NaN	NaN	NaN
3326.667	NaN	NaN	NaN
3330.000	NaN	NaN	NaN
3333.333	1358.8	328.0	NaN
3336.667	1349.8	304.2	NaN
3340.000	1356.5	304.8	NaN
3343.333	1358.2	314.9	775
3346.667	1356.7	297.6	180
3350.000	1354.2	305.0	749
3353.333	1359.0	306.0	378
3356.667	1354.2	309.7	323
3360.000	1373.2	323.5	627
3363.333	1356.9	302.8	809
3366.667	1359.6	296.8	1065
3370.000	1366.1	299.1	1274
3373.333	1362.0	297.6	679
3376.667	1351.1	295.9	774
3380.000	1354.2	294.8	1176
3383.333	1351.1	289.7	926
3386.667	1352.6	289.9	202
3390.000	1350.9	276.7	35
3393.333	1354.6	284.5	498
3396.667	1347.1	302.2	1189
3400.000	1355.5	289.1	1278
3403.333	1348.2	297.0	617
3406.667	1348.6	311.4	382
3410.000	1355.7	300.2	261
3413.333	1353.2	297.4	691
3416.667	1356.5	289.8	1055
3420.000	1356.5	297.1	674
3423.333	1351.1	290.2	499
3426.667	1358.0	286.2	612
3430.000	1360.7	287.6	578
3433.333	1358.6	289.7	204
3436.667	1359.4	278.1	325
3440.000	1356.1	286.8	207
3443.333	1356.7	298.0	302
3446.667	1353.2	286.0	370
3450.000	1359.6	286.5	205
3453.333	1357.6	293.5	321
3456.667	1361.7	288.1	752
3460.000	1357.6	291.7	1246
3463.333	1354.9	283.8	1693
3466.667	1335.6	277.6	1149
3470.000	1345.7	275.1	1037
3473.333	1332.3	277.0	2150
3476.667	1345.9	302.3	2794
3480.000	1350.5	308.6	2511
3483.333	1362.6	318.6	1805
3486.667	1361.7	313.3	533
3490.000	1354.6	315.8	520
3493.333	1351.5	314.7	780
3496.667	1348.8	315.7	389
3500.000	1347.1	308.2	591
3503.333	1352.1	312.2	873
3506.667	1353.4	313.7	NaN
3510.000	1365.9	305.3	NaN
3513.333	1363.4	310.2	NaN
3516.667	NaN	NaN	NaN
3520.000	NaN	NaN	NaN
3523.333	NaN	NaN	NaN
3526.667	1351.3	311.7	NaN
3530.000	1353.4	311.6	NaN
3533.333	1360.9	307.4	NaN
3536.667	1368.2	310.0	NaN
3540.000	1353.2	311.5	NaN
3543.333	1359.0	307.8	NaN
3546.667	NaN	NaN	NaN
3550.000	NaN	NaN	NaN
3553.333	1354.4	309.7	NaN
3556.667	1351.7	312.4	NaN
3560.000	1356.9	318.6	NaN
3563.333	1353.2	309.2	572
3566.667	1361.3	306.5	NaN
3570.000	1359.0	304.9	NaN
3573.333	1357.1	303.5	NaN
3576.667	NaN	NaN	NaN
3580.000	NaN	NaN	NaN
3583.333	1350.0	307.7	NaN
3586.667	1351.3	326.4	NaN
3590.000	1346.5	321.7	NaN
3593.333	1354.8	310.6	804
3596.667	1354.0	309.1	791
3600.000	1351.1	299.9	657
3603.333	1350.1	304.7	467
3606.667	1345.7	317.1	375
3610.000	1345.9	300.0	280
3613.333	1349.6	303.3	1062
3616.667	1351.7	297.8	1136
3620.000	1350.9	300.7	580
3623.333	1351.1	283.9	925
3626.667	1351.3	294.6	262
3630.000	1339.4	327.6	519
3633.333	1352.3	257.1	905
3636.667	1346.9	309.9	697
3640.000	1337.5	293.3	318
3643.333	1336.3	308.9	462
3646.667	1338.0	302.8	2818
3650.000	1348.4	288.4	NaN
3653.333	1337.5	263.5	NaN
3656.667	1347.8	249.0	NaN
3660.000	NaN	NaN	NaN
3663.333	NaN	NaN	NaN
3666.667	NaN	NaN	NaN
3670.000	NaN	NaN	NaN
3673.333	NaN	NaN	NaN
3676.667	NaN	NaN	NaN
3680.000	NaN	NaN	NaN
3683.333	NaN	NaN	NaN
3686.667	NaN	NaN	NaN
3690.000	NaN	NaN	NaN
3693.333	NaN	NaN	NaN
3696.667	NaN	NaN	NaN
3700.000	NaN	NaN	NaN
3703.333	NaN	NaN	NaN
3706.667	NaN	NaN	NaN
3710.000	NaN	NaN	NaN
3713.333	NaN	NaN	NaN
3716.667	NaN	NaN	NaN
3720.000	NaN	NaN	NaN
3723.333	NaN	NaN	NaN
3726.667	NaN	NaN	NaN
3730.000	NaN	NaN	NaN
3733.333	NaN	NaN	NaN
3736.667	NaN	NaN	NaN
3740.000	NaN	NaN	NaN
3743.333	NaN	NaN	NaN
3746.667	NaN	NaN	NaN
3750.000	NaN	NaN	NaN
3753.333	NaN	NaN	NaN
3756.667	NaN	NaN	NaN
3760.000	NaN	NaN	NaN
3763.333	NaN	NaN	NaN
3766.667	NaN	NaN	NaN
3770.000	NaN	NaN	NaN
3773.333	NaN	NaN	NaN
3776.667	NaN	NaN	NaN
3780.000	NaN	NaN	NaN
3783.333	NaN	NaN	NaN
3786.667	NaN	NaN	NaN
3790.000	NaN	NaN	NaN
3793.333	NaN	NaN	NaN
3796.667	NaN	NaN	NaN
3800.000	NaN	NaN	NaN
3803.333	NaN	NaN	NaN
3806.667	NaN	NaN	NaN
3810.000	NaN	NaN	NaN
3813.333	NaN	NaN	NaN
3816.667	NaN	NaN	NaN
3820.000	NaN	NaN	NaN
3823.333	NaN	NaN	NaN
3826.667	NaN	NaN	NaN
3830.000	NaN	NaN	NaN
3833.333	NaN	NaN	NaN
3836.667	NaN	NaN	NaN
3840.000	NaN	NaN	NaN
3843.333	NaN	NaN	NaN
3846.667	NaN	NaN	NaN
3850.000	NaN	NaN	NaN
3853.333	NaN	NaN	NaN
3856.667	NaN	NaN	NaN
3860.000	NaN	NaN	NaN
3863.333	NaN	NaN	NaN
3866.667	NaN	NaN	NaN
3870.000	NaN	NaN	NaN
3873.333	NaN	NaN	NaN
3876.667	NaN	NaN	NaN
3880.000	NaN	NaN	NaN
3883.333	NaN	NaN	NaN
3886.667	NaN	NaN	NaN
3890.000	NaN	NaN	NaN
3893.333	NaN	NaN	NaN
3896.667	NaN	NaN	NaN
3900.000	NaN	NaN	NaN
3903.333	NaN	NaN	NaN
3906.667	NaN	NaN	NaN
3910.000	NaN	NaN	NaN
3913.333	NaN	NaN	NaN
3916.667	NaN	NaN	NaN
3920.000	NaN	NaN	NaN
3923.333	NaN	NaN	NaN
3926.667	NaN	NaN	NaN
3930.000	NaN	NaN	NaN
3933.333	NaN	NaN	NaN
3936.667	NaN	NaN	NaN
3940.000	NaN	NaN	NaN
3943.333	NaN	NaN	NaN
3946.667	NaN	NaN	NaN
3950.000	NaN	NaN	NaN
3953.333	NaN	NaN	NaN
3956.667	NaN	NaN	NaN
3960.000	NaN	NaN	NaN
3963.333	NaN	NaN	NaN
3966.667	NaN	NaN	NaN
3970.000	NaN	NaN	NaN
3973.333	NaN	NaN	NaN
3976.667	NaN	NaN	NaN
3980.000	NaN	NaN	NaN
3983.333	NaN	NaN	NaN
3986.667	NaN	NaN	NaN
3990.000	NaN	NaN	NaN
3993.333	NaN	NaN	NaN
3996.667	NaN	NaN	NaN
4000.000	NaN	NaN	NaN
4003.333	NaN	NaN	NaN
4006.667	NaN	NaN	NaN
4010.000	NaN	NaN	NaN
4013.333	NaN	NaN	NaN
