time	x	y	v
0.000	990.3	572.7	281
3.333	976.9	572.1	281
6.667	990.0	574.9	281
10.000	981.9	571.5	281
13.333	985.0	576.5	83
16.667	979.0	565.3	169
20.000	982.1	574.8	238
23.333	980.9	572.8	261
26.667	986.3	574.5	168
30.000	983.4	563.7	199
33.333	982.1	569.7	202
36.667	981.7	567.9	291
40.000	987.8	575.9	420
43.333	985.3	574.5	146
46.667	982.5	574.2	360
50.000	980.7	571.4	399
53.333	980.9	570.7	334
56.667	981.5	581.6	214
60.000	978.6	570.6	200
63.333	977.7	576.4	134
66.667	980.9	565.9	476
70.000	977.7	571.9	264
73.333	979.8	575.7	371
76.667	976.7	565.4	835
80.000	977.1	582.4	295
83.333	985.2	578.1	211
86.667	985.9	583.8	76
90.000	975.2	570.2	920
93.333	980.4	578.1	661
96.667	976.9	568.7	855
100.000	982.8	562.0	96
103.333	986.3	572.6	134
106.667	974.0	561.3	687
110.000	978.4	578.1	707
113.333	978.6	574.1	315
116.667	971.7	577.4	407
120.000	979.8	573.5	355
123.333	977.7	571.5	299
126.667	980.4	576.9	219
130.000	967.9	570.0	11
133.333	971.7	578.3	80
136.667	977.3	580.7	352
140.000	982.8	567.2	196
143.333	972.9	572.0	243
146.667	971.1	568.6	281
150.000	971.1	573.5	451
153.333	976.5	575.9	363
156.667	974.0	571.1	123
160.000	969.6	574.5	291
163.333	975.9	579.7	450
166.667	970.0	568.7	386
170.000	982.5	570.5	336
173.333	977.3	565.8	255
176.667	978.2	576.6	230
180.000	975.6	580.8	772
183.333	965.8	568.7	364
186.667	977.7	570.8	717
190.000	962.9	564.7	507
193.333	976.5	572.4	252
196.667	966.0	565.2	285
200.000	964.2	572.0	17
203.333	966.3	565.1	220
206.667	970.9	568.2	435
210.000	966.3	568.1	248
213.333	967.5	569.7	313
216.667	967.9	578.6	279
220.000	959.4	568.4	445
223.333	972.5	571.1	368
226.667	965.0	559.2	394
230.000	978.2	570.2	203
233.333	968.4	572.3	208
236.667	970.8	570.5	124
240.000	965.4	562.4	499
243.333	968.8	571.6	412
246.667	968.4	562.0	192
250.000	969.8	564.1	88
253.333	970.6	564.1	126
256.667	972.3	574.6	279
260.000	964.6	561.3	250
263.333	967.5	571.1	370
266.667	964.4	554.0	194
270.000	972.9	564.6	287
273.333	972.5	561.8	62
276.667	966.5	570.5	586
280.000	968.1	566.1	383
283.333	968.3	562.7	580
286.667	970.4	572.1	448
290.000	964.8	568.3	564
293.333	970.8	579.2	676
296.667	971.5	572.6	224
300.000	974.0	572.6	337
303.333	978.2	576.0	300
306.667	967.3	569.4	170
310.000	975.4	573.5	304
313.333	979.2	576.5	164
316.667	972.7	574.7	159
320.000	980.0	578.2	294
323.333	968.4	574.2	337
326.667	970.0	572.9	236
330.000	974.2	578.8	486
333.333	971.1	577.0	66
336.667	969.6	576.1	512
340.000	963.8	577.7	578
343.333	972.5	570.7	328
346.667	958.1	574.5	224
350.000	965.8	574.5	268
353.333	966.7	574.2	327
356.667	975.2	572.5	684
360.000	967.5	577.3	480
363.333	970.2	576.7	269
366.667	972.7	583.6	300
370.000	975.2	576.1	41
373.333	966.1	578.0	182
376.667	971.3	581.0	188
380.000	967.7	575.9	137
383.333	969.4	582.0	189
386.667	970.9	577.5	108
390.000	974.4	580.0	284
393.333	968.8	579.0	225
396.667	967.7	576.5	122
400.000	976.7	584.2	192
403.333	973.4	582.9	165
406.667	972.7	573.0	214
410.000	970.6	575.9	525
413.333	970.6	578.6	371
416.667	966.1	581.6	294
420.000	966.0	583.3	91
423.333	967.9	573.6	224
426.667	971.3	580.8	357
430.000	968.4	579.6	217
433.333	974.2	580.4	353
436.667	969.6	575.2	235
440.000	970.6	583.1	86
443.333	972.1	583.7	163
446.667	968.8	584.4	133
450.000	970.6	576.7	444
453.333	969.2	577.8	513
456.667	971.3	576.9	249
460.000	980.7	580.1	182
463.333	973.1	573.5	396
466.667	964.4	578.1	662
470.000	967.7	579.0	377
473.333	971.5	588.1	191
476.667	967.3	586.5	391
480.000	971.7	573.3	461
483.333	974.2	573.4	734
486.667	969.4	579.1	528
490.000	968.4	575.1	502
493.333	967.9	571.2	405
496.667	966.0	572.0	725
500.000	968.3	564.4	409
503.333	971.7	572.3	517
506.667	965.4	560.7	738
510.000	971.9	569.8	685
513.333	979.4	567.0	641
516.667	974.8	554.9	1245
520.000	980.2	584.3	906
523.333	976.7	573.7	855
526.667	980.0	586.7	1029
530.000	981.3	576.6	1725
533.333	977.5	578.2	4457
536.667	981.9	589.2	7826
540.000	1007.0	621.5	11231
543.333	1039.1	659.0	12923
546.667	1078.3	711.6	11931
550.000	1105.3	743.5	9085
553.333	1123.4	758.7	6126
556.667	1118.0	756.3	3319
560.000	1114.9	762.5	1987
563.333	1120.3	776.5	1608
566.667	1115.1	781.7	1263
570.000	1109.2	783.2	809
573.333	1111.3	781.1	550
576.667	1113.2	779.4	597
580.000	1112.6	784.5	788
583.333	1116.1	792.4	827
586.667	1121.3	789.3	762
590.000	1114.0	794.6	583
593.333	1113.8	794.4	884
596.667	1105.5	794.6	831
600.000	1104.8	786.5	485
603.333	1103.0	788.4	400
606.667	1106.5	789.8	277
610.000	1108.0	790.1	610
613.333	1115.9	784.6	549
616.667	1105.0	793.9	435
620.000	1115.7	795.6	301
623.333	1112.1	792.8	300
626.667	1113.2	794.1	68
630.000	1112.1	792.3	526
633.333	1108.8	795.0	663
636.667	1107.5	794.7	827
640.000	1105.7	786.6	517
643.333	1104.4	782.1	347
646.667	1098.0	789.3	216
650.000	1108.4	789.4	639
653.333	1103.0	790.0	659
656.667	1110.9	796.0	631
660.000	1111.3	793.3	603
663.333	1112.8	786.9	550
666.667	1111.5	794.2	389
670.000	1120.1	784.3	204
673.333	1111.5	788.6	418
676.667	1111.7	788.3	262
680.000	1106.3	791.5	443
683.333	1106.1	786.6	117
686.667	1116.7	786.1	214
690.000	1104.8	785.9	173
693.333	1109.0	791.9	231
696.667	1104.0	786.2	137
700.000	1106.5	786.0	444
703.333	1112.8	793.7	121
706.667	1112.8	787.1	246
710.000	1110.3	794.9	132
713.333	1105.0	788.7	302
716.667	1112.1	788.5	323
720.000	1105.5	789.3	315
723.333	1110.9	787.3	124
726.667	1105.5	784.5	258
730.000	1107.1	788.8	508
733.333	1108.0	786.2	392
736.667	1119.0	786.7	395
740.000	1114.4	784.3	43
743.333	1112.8	785.1	446
746.667	1111.9	788.0	746
750.000	1107.8	788.6	631
753.333	1102.7	786.3	321
756.667	1105.5	787.9	626
760.000	1103.4	788.3	628
763.333	1113.8	793.5	505
766.667	1103.4	803.1	354
770.000	1112.6	793.4	452
773.333	1108.2	789.6	585
776.667	1112.4	792.2	660
780.000	1115.3	787.4	235
783.333	1117.4	790.2	306
786.667	1107.6	787.9	578
790.000	1105.2	791.3	474
793.333	1109.6	782.7	238
796.667	1107.1	782.9	58
800.000	1107.5	789.9	229
803.333	1109.8	789.8	259
806.667	1107.1	786.5	260
810.000	1113.0	785.9	63
813.333	1112.4	786.2	182
816.667	1110.5	788.5	399
820.000	1107.1	791.2	368
823.333	1105.3	783.6	178
826.667	1102.1	789.8	106
830.000	1110.5	787.9	185
833.333	1109.0	785.1	205
836.667	1108.8	788.2	151
840.000	1108.2	789.7	71
843.333	1107.3	780.3	163
846.667	1107.6	789.8	355
850.000	1111.5	785.2	161
853.333	1112.4	787.4	68
856.667	1113.6	781.7	403
860.000	1105.3	785.5	434
863.333	1107.8	782.2	283
866.667	1100.9	787.4	84
870.000	1107.8	787.5	322
873.333	1109.0	783.8	375
876.667	1109.4	783.0	393
880.000	1111.3	783.5	116
883.333	1112.1	786.8	30
886.667	1108.4	782.8	242
890.000	1110.3	788.9	370
893.333	1108.8	780.8	196
896.667	1104.2	782.9	328
900.000	1107.8	779.1	148
903.333	1108.6	789.7	291
906.667	1104.0	791.2	243
910.000	1115.3	783.0	363
913.333	1107.6	784.3	579
916.667	1109.6	782.7	434
920.000	1116.1	781.1	327
923.333	1112.4	781.6	95
926.667	1109.4	781.3	248
930.000	1103.2	783.4	315
933.333	1111.7	782.0	405
936.667	1108.4	784.3	291
940.000	1116.7	788.7	340
943.333	1114.9	785.1	327
946.667	1104.2	785.9	30
950.000	1101.7	790.2	238
953.333	1115.1	787.8	122
956.667	1113.0	783.6	204
960.000	1110.5	782.7	167
963.333	1104.6	786.5	310
966.667	1105.7	784.1	256
970.000	1106.5	788.8	177
973.333	1112.4	779.5	326
976.667	1109.0	777.3	244
980.000	1103.4	785.2	300
983.333	1113.4	783.5	529
986.667	1111.7	786.5	477
990.000	1112.8	788.0	398
993.333	1111.9	787.8	101
996.667	1115.1	783.3	154
1000.000	1113.6	789.7	371
1003.333	1113.8	780.9	329
1006.667	1110.7	785.7	490
1010.000	1106.5	781.4	227
1013.333	1108.6	788.1	266
1016.667	1105.7	782.8	314
1020.000	1115.9	781.7	311
1023.333	1111.9	791.3	256
1026.667	1112.6	786.9	283
1030.000	1110.9	782.5	144
1033.333	1114.2	787.1	54
1036.667	1115.5	785.1	416
1040.000	1110.7	789.7	320
1043.333	1110.0	788.4	140
1046.667	1115.1	795.0	57
1050.000	1110.5	785.9	205
1053.333	1115.1	780.5	195
1056.667	1112.4	790.2	123
1060.000	1113.0	788.3	248
1063.333	1116.1	788.6	453
1066.667	1108.4	789.7	285
1070.000	1108.0	785.5	269
1073.333	1105.5	782.9	296
1076.667	1112.1	791.2	92
1080.000	1108.4	790.1	233
1083.333	1105.5	786.5	331
1086.667	1106.3	786.1	249
1090.000	1111.3	792.0	524
1093.333	1108.2	793.9	456
1096.667	1107.1	793.9	344
1100.000	1107.3	798.9	173
1103.333	1115.9	787.8	419
1106.667	1113.0	792.3	356
1110.000	1110.5	794.8	274
1113.333	1112.4	785.6	347
1116.667	1107.1	789.5	452
1120.000	1113.4	791.4	461
1123.333	1114.4	800.6	327
1126.667	1109.4	800.5	38
1130.000	1107.5	795.2	483
1133.333	1109.8	788.2	722
1136.667	1111.1	792.5	368
1140.000	1107.8	788.0	206
1143.333	1113.2	787.4	512
1146.667	1112.6	796.3	279
1150.000	1104.8	797.9	282
1153.333	1119.9	795.9	152
1156.667	1110.0	791.4	220
1160.000	1113.8	791.6	224
1163.333	1112.3	797.1	248
1166.667	1105.7	792.6	147
1170.000	1114.2	791.2	229
1173.333	1112.6	792.8	490
1176.667	1113.4	789.5	485
1180.000	1113.8	790.2	267
1183.333	1115.5	786.6	327
1186.667	1113.2	784.3	203
1190.000	1109.6	790.3	221
1193.333	1125.5	793.3	119
1196.667	1112.8	789.7	206
1200.000	1113.0	778.5	144
1203.333	1113.2	794.1	327
1206.667	1121.1	784.8	181
1210.000	1112.1	790.0	208
1213.333	1116.1	783.8	358
1216.667	1116.7	786.3	147
1220.000	1117.1	779.5	197
1223.333	1115.9	787.9	469
1226.667	1114.6	790.5	536
1230.000	1107.5	783.3	441
1233.333	1114.2	793.7	300
1236.667	1110.0	790.6	142
1240.000	1108.0	780.6	323
1243.333	1110.1	792.9	394
1246.667	1111.5	785.5	298
1250.000	1114.8	779.7	513
1253.333	1109.4	787.1	281
1256.667	1116.7	789.2	439
1260.000	1118.0	790.9	362
1263.333	1112.6	790.7	160
1266.667	1112.8	790.2	358
1270.000	1114.6	788.3	310
1273.333	1110.5	783.3	47
1276.667	1113.6	786.7	143
1280.000	1112.4	788.1	161
1283.333	1114.6	793.3	397
1286.667	1109.6	788.9	369
1290.000	1116.5	787.1	173
1293.333	1121.1	787.2	236
1296.667	1116.1	782.0	170
1300.000	1112.4	793.8	438
1303.333	1114.2	784.5	577
1306.667	1108.8	787.4	382
1310.000	1111.7	786.0	221
1313.333	1107.6	790.1	159
1316.667	1108.4	782.0	204
1320.000	1113.0	788.7	96
1323.333	1114.0	789.7	118
1326.667	1111.7	786.8	101
1330.000	1108.8	788.2	375
1333.333	1110.3	789.4	353
1336.667	1113.0	785.1	190
1340.000	1103.2	786.8	392
1343.333	1107.6	787.8	162
1346.667	1112.8	782.4	180
1350.000	1113.4	780.6	335
1353.333	1110.5	790.3	158
1356.667	1111.7	786.3	441
1360.000	1111.3	788.1	63
1363.333	1108.4	786.9	246
1366.667	1109.8	791.2	212
1370.000	1115.9	781.6	462
1373.333	1110.5	785.2	421
1376.667	1116.3	790.3	198
1380.000	1110.3	774.1	387
1383.333	1115.7	784.8	306
1386.667	1104.2	790.6	461
1390.000	1110.7	787.1	212
1393.333	1107.3	778.8	152
1396.667	1106.7	791.9	497
1400.000	1115.1	780.0	296
1403.333	1109.6	785.6	290
1406.667	1117.2	787.1	67
1410.000	1110.0	789.8	346
1413.333	1110.7	784.2	171
1416.667	1111.3	788.7	73
1420.000	1115.3	789.6	290
1423.333	1115.7	784.4	192
1426.667	1111.1	786.8	80
1430.000	1116.3	785.5	206
1433.333	1114.8	786.9	70
1436.667	1114.0	790.3	490
1440.000	1111.1	780.7	473
1443.333	1118.2	785.5	295
1446.667	1115.5	774.3	106
1450.000	1115.3	780.8	214
1453.333	1114.9	786.6	336
1456.667	1110.1	785.6	533
1460.000	1111.5	780.7	241
1463.333	1113.8	785.2	528
1466.667	1110.0	788.0	1641
1470.000	1110.0	779.5	4137
1473.333	1099.2	789.2	8059
1476.667	1068.7	785.1	12273
1480.000	1016.4	781.3	15163
1483.333	942.0	750.5	16034
1486.667	876.1	730.4	14867
1490.000	846.3	704.2	12473
1493.333	826.9	685.4	10178
1496.667	815.6	652.8	9398
1500.000	797.6	641.2	9746
1503.333	760.3	625.5	10869
1506.667	706.9	625.3	11366
1510.000	670.1	624.9	10706
1513.333	631.9	607.0	8309
1516.667	610.8	600.0	5403
1520.000	601.3	575.3	2902
1523.333	608.4	576.4	696
1526.667	610.0	588.9	1326
1530.000	615.9	587.2	1846
1533.333	631.3	590.1	1083
1536.667	629.0	593.2	269
1540.000	627.1	597.3	883
1543.333	622.7	584.2	1827
1546.667	611.7	581.7	2158
1550.000	611.9	576.2	1803
1553.333	607.7	566.5	1026
1556.667	591.7	576.3	550
1560.000	597.1	586.4	864
1563.333	607.3	583.7	880
1566.667	617.9	587.1	669
1570.000	607.3	585.8	112
1573.333	602.9	584.3	321
1576.667	600.6	593.6	348
1580.000	603.6	582.7	334
1583.333	609.2	582.1	521
1586.667	607.1	584.4	251
1590.000	606.7	580.5	263
1593.333	609.8	581.7	460
1596.667	599.6	587.3	470
1600.000	609.4	588.3	630
1603.333	605.6	590.9	317
1606.667	612.7	589.1	154
1610.000	609.4	592.8	500
1613.333	610.0	583.7	626
1616.667	599.8	585.3	735
1620.000	601.0	585.6	319
1623.333	602.7	582.1	293
1626.667	600.2	584.5	453
1630.000	605.8	589.7	496
1633.333	605.4	590.2	193
1636.667	609.4	583.4	186
1640.000	609.6	587.0	298
1643.333	598.8	587.3	275
1646.667	603.3	581.4	81
1650.000	604.6	587.3	282
1653.333	607.5	581.6	527
1656.667	606.7	588.3	188
1660.000	611.7	586.2	251
1663.333	608.6	586.8	393
1666.667	601.2	585.7	485
1670.000	601.2	581.7	447
1673.333	602.5	586.8	376
1676.667	604.2	579.4	187
1680.000	605.2	580.2	345
1683.333	606.0	579.5	154
1686.667	601.9	586.1	239
1690.000	611.3	579.3	326
1693.333	603.6	584.9	187
1696.667	610.6	574.1	187
1700.000	608.1	576.4	351
1703.333	606.5	584.0	446
1706.667	606.5	580.8	670
1710.000	601.2	584.0	464
1713.333	607.9	590.5	294
1716.667	602.5	583.0	197
1720.000	601.0	584.8	216
1723.333	600.8	580.2	467
1726.667	603.6	588.1	178
1730.000	609.6	582.1	265
1733.333	608.1	576.7	192
1736.667	599.0	584.2	313
1740.000	605.6	579.3	400
1743.333	608.4	582.9	287
1746.667	612.5	580.2	226
1750.000	604.6	567.9	254
1753.333	610.2	583.6	238
1756.667	601.5	580.7	178
1760.000	603.8	583.1	77
1763.333	608.8	572.9	419
1766.667	606.3	578.0	266
1770.000	603.5	572.2	400
1773.333	603.3	578.9	508
1776.667	599.2	576.8	159
1780.000	598.8	580.8	270
1783.333	603.5	580.1	346
1786.667	604.2	575.5	539
1790.000	609.4	575.9	492
1793.333	605.4	582.6	130
1796.667	609.6	578.4	112
1800.000	607.7	587.1	132
1803.333	601.3	575.5	355
1806.667	609.2	577.7	295
1810.000	610.0	576.0	113
1813.333	604.8	576.3	457
1816.667	600.0	582.4	150
1820.000	607.9	580.2	36
1823.333	606.5	585.9	295
1826.667	610.6	574.5	194
1830.000	603.1	576.7	185
1833.333	610.4	578.6	228
1836.667	600.4	580.6	108
1840.000	611.3	576.6	147
1843.333	613.4	580.4	177
1846.667	604.6	575.7	183
1850.000	604.8	582.7	370
1853.333	605.6	581.1	166
1856.667	605.0	582.1	459
1860.000	608.8	582.1	324
1863.333	606.3	579.3	271
1866.667	602.3	591.9	350
1870.000	604.8	586.3	455
1873.333	612.7	582.0	639
1876.667	610.6	587.6	311
1880.000	615.9	584.5	107
1883.333	614.0	590.7	410
1886.667	602.9	582.6	592
1890.000	608.6	582.0	578
1893.333	605.6	586.9	165
1896.667	601.0	586.8	351
1900.000	606.0	583.1	105
1903.333	610.6	585.5	258
1906.667	612.3	580.1	35
1910.000	604.2	587.3	547
1913.333	609.2	588.7	296
1916.667	599.8	582.6	297
1920.000	601.5	593.6	188
1923.333	610.2	579.9	311
1926.667	607.1	591.8	357
1930.000	606.9	582.7	205
1933.333	612.3	588.5	312
1936.667	604.8	585.7	258
1940.000	604.4	584.5	87
1943.333	603.8	587.7	232
1946.667	613.2	581.9	209
1950.000	607.5	588.9	192
1953.333	612.5	581.9	97
1956.667	603.3	591.1	418
1960.000	608.1	587.4	142
1963.333	605.8	582.7	188
1966.667	603.3	581.0	54
1970.000	608.4	591.6	355
1973.333	604.8	583.2	210
1976.667	604.8	589.2	98
1980.000	600.2	589.9	35
1983.333	609.2	584.1	228
1986.667	603.8	586.9	190
1990.000	608.6	590.5	165
1993.333	604.2	589.7	196
1996.667	606.5	583.1	234
2000.000	605.2	585.7	372
2003.333	606.5	592.9	593
2006.667	612.1	587.8	452
2010.000	614.6	591.4	261
2013.333	610.9	595.0	313
2016.667	613.2	582.1	142
2020.000	609.2	590.5	165
2023.333	608.4	584.5	273
2026.667	614.2	590.3	531
2030.000	610.0	590.5	564
2033.333	603.8	585.7	709
2036.667	599.8	583.0	715
2040.000	601.0	591.5	159
2043.333	598.7	587.7	300
2046.667	601.2	584.8	671
2050.000	612.7	584.6	745
2053.333	604.0	583.8	526
2056.667	612.9	582.4	284
2060.000	611.3	585.1	94
2063.333	608.1	586.4	228
2066.667	610.6	584.3	61
2070.000	607.5	581.4	215
2073.333	610.0	591.6	315
2076.667	613.2	581.6	141
2080.000	605.6	579.7	104
2083.333	612.5	580.1	305
2086.667	612.9	590.5	399
2090.000	607.7	585.3	227
2093.333	605.4	593.0	83
2096.667	608.8	581.8	455
2100.000	609.2	584.7	460
2103.333	613.4	582.8	599
2106.667	615.7	583.3	1496
2110.000	613.2	588.5	2993
2113.333	618.6	592.2	5561
2116.667	644.4	595.5	9455
2120.000	679.9	586.2	13372
2123.333	733.2	573.3	16323
2126.667	808.7	574.2	17631
2130.000	871.5	573.4	18022
2133.333	929.7	561.5	17534
2136.667	978.4	567.3	17254
2140.000	1036.2	569.6	17062
2143.333	1091.1	596.3	16763
2146.667	1161.4	604.3	16246
2150.000	1205.6	605.6	15623
2153.333	1250.5	612.8	14887
2156.667	1298.1	604.6	13959
2160.000	1353.2	597.8	13532
2163.333	1395.5	591.4	12486
2166.667	1434.0	592.3	10060
2170.000	1471.5	609.0	6776
2173.333	1496.3	600.4	3183
2176.667	1490.3	603.8	92
2180.000	1479.7	598.1	2207
2183.333	1455.9	608.0	2450
2186.667	1448.1	591.5	2831
2190.000	1462.7	569.2	3017
2193.333	1478.8	565.3	3331
2196.667	1492.4	550.7	1895
2200.000	1490.3	562.8	918
2203.333	1493.6	562.6	1464
2206.667	1480.1	580.0	1848
2210.000	1481.9	575.3	1720
2213.333	1471.1	584.9	1909
2216.667	1478.4	580.3	1497
2220.000	1472.3	592.8	1492
2223.333	1483.6	609.4	1469
2226.667	1479.9	601.1	1165
2230.000	1487.8	599.2	412
2233.333	1484.0	609.8	415
2236.667	1486.3	604.4	672
2240.000	1477.1	603.4	965
2243.333	1473.2	607.9	795
2246.667	1471.1	598.8	503
2250.000	1470.7	604.6	127
2253.333	1474.6	599.4	297
2256.667	1473.8	603.6	305
2260.000	1479.4	605.1	377
2263.333	1473.0	610.7	303
2266.667	1465.9	602.0	669
2270.000	1465.5	603.9	708
2273.333	1475.1	599.5	571
2276.667	1463.8	595.5	291
2280.000	1466.5	600.9	394
2283.333	1460.0	602.4	431
2286.667	1463.6	600.8	293
2290.000	1462.3	601.8	969
2293.333	1465.0	601.0	721
2296.667	1470.0	588.7	776
2300.000	1482.0	590.1	648
2303.333	1465.5	604.6	343
2306.667	1479.2	596.7	412
2310.000	1474.4	600.8	559
2313.333	1473.4	593.0	144
2316.667	1469.4	600.4	488
2320.000	1469.8	607.1	428
2323.333	1472.6	602.2	528
2326.667	1469.0	599.6	439
2330.000	1467.6	606.0	287
2333.333	1465.0	604.9	228
2336.667	1463.6	609.1	238
2340.000	1468.4	598.8	310
2343.333	1467.5	603.3	496
2346.667	1460.7	605.0	177
2350.000	1464.4	599.5	355
2353.333	1460.2	595.4	200
2356.667	1468.4	607.4	215
2360.000	1457.3	596.5	162
2363.333	1462.3	605.4	258
2366.667	1465.2	594.3	438
2370.000	1459.6	604.5	537
2373.333	1458.4	604.4	392
2376.667	1456.9	609.6	573
2380.000	1462.1	607.1	256
2383.333	1462.7	607.2	378
2386.667	1461.3	609.4	485
2390.000	1460.4	608.4	255
2393.333	1459.0	615.8	528
2396.667	1459.8	618.4	2180
2400.000	1466.3	605.2	2835
2403.333	1457.5	590.3	1945
2406.667	1464.4	557.3	1309
2410.000	1468.8	569.3	5972
2413.333	1465.5	605.2	11076
2416.667	1465.9	665.1	15804
2420.000	1496.4	721.7	19269
2423.333	1498.6	787.9	NaN
2426.667	1527.2	855.6	NaN
2430.000	1601.3	931.8	NaN
2433.333	NaN	NaN	NaN
2436.667	NaN	NaN	NaN
2440.000	NaN	NaN	NaN
2443.333	NaN	NaN	NaN
2446.667	NaN	NaN	NaN
2450.000	NaN	NaN	NaN
2453.333	NaN	NaN	NaN
2456.667	NaN	NaN	NaN
2460.000	NaN	NaN	NaN
2463.333	NaN	NaN	NaN
2466.667	NaN	NaN	NaN
2470.000	NaN	NaN	NaN
2473.333	NaN	NaN	NaN
2476.667	NaN	NaN	NaN
2480.000	NaN	NaN	NaN
2483.333	NaN	NaN	NaN
2486.667	NaN	NaN	NaN
2490.000	NaN	NaN	NaN
2493.333	NaN	NaN	NaN
2496.667	NaN	NaN	NaN
2500.000	NaN	NaN	NaN
2503.333	NaN	NaN	NaN
2506.667	NaN	NaN	NaN
2510.000	NaN	NaN	NaN
2513.333	NaN	NaN	NaN
2516.667	NaN	NaN	NaN
2520.000	NaN	NaN	NaN
2523.333	NaN	NaN	NaN
2526.667	NaN	NaN	NaN
2530.000	NaN	NaN	NaN
2533.333	NaN	NaN	NaN
2536.667	NaN	NaN	NaN
2540.000	NaN	NaN	NaN
2543.333	NaN	NaN	NaN
2546.667	NaN	NaN	NaN
2550.000	NaN	NaN	NaN
2553.333	NaN	NaN	NaN
2556.667	NaN	NaN	NaN
2560.000	NaN	NaN	NaN
2563.333	NaN	NaN	NaN
2566.667	NaN	NaN	NaN
2570.000	NaN	NaN	NaN
2573.333	NaN	NaN	NaN
2576.667	NaN	NaN	NaN
2580.000	NaN	NaN	NaN
2583.333	NaN	NaN	NaN
2586.667	NaN	NaN	NaN
2590.000	NaN	NaN	NaN
2593.333	NaN	NaN	NaN
2596.667	NaN	NaN	NaN
2600.000	NaN	NaN	NaN
2603.333	NaN	NaN	NaN
2606.667	NaN	NaN	NaN
2610.000	NaN	NaN	NaN
2613.333	NaN	NaN	NaN
2616.667	NaN	NaN	NaN
2620.000	NaN	NaN	NaN
2623.333	NaN	NaN	NaN
2626.667	NaN	NaN	NaN
2630.000	NaN	NaN	NaN
2633.333	NaN	NaN	NaN
2636.667	NaN	NaN	NaN
2640.000	NaN	NaN	NaN
2643.333	NaN	NaN	NaN
2646.667	NaN	NaN	NaN
2650.000	NaN	NaN	NaN
2653.333	NaN	NaN	NaN
2656.667	NaN	NaN	NaN
2660.000	NaN	NaN	NaN
2663.333	NaN	NaN	NaN
2666.667	NaN	NaN	NaN
2670.000	NaN	NaN	NaN
2673.333	NaN	NaN	NaN
2676.667	NaN	NaN	NaN
2680.000	NaN	NaN	NaN
2683.333	NaN	NaN	NaN
2686.667	NaN	NaN	NaN
2690.000	NaN	NaN	NaN
2693.333	NaN	NaN	NaN
2696.667	NaN	NaN	NaN
2700.000	NaN	NaN	NaN
2703.333	NaN	NaN	NaN
2706.667	NaN	NaN	NaN
2710.000	NaN	NaN	NaN
2713.333	NaN	NaN	NaN
2716.667	NaN	NaN	NaN
2720.000	NaN	NaN	NaN
2723.333	NaN	NaN	NaN
2726.667	NaN	NaN	NaN
2730.000	NaN	NaN	NaN
2733.333	NaN	NaN	NaN
2736.667	NaN	NaN	NaN
2740.000	NaN	NaN	NaN
2743.333	NaN	NaN	NaN
2746.667	NaN	NaN	NaN
2750.000	NaN	NaN	NaN
2753.333	NaN	NaN	NaN
2756.667	NaN	NaN	NaN
2760.000	NaN	NaN	NaN
2763.333	NaN	NaN	NaN
2766.667	NaN	NaN	NaN
2770.000	NaN	NaN	NaN
2773.333	NaN	NaN	NaN
2776.667	NaN	NaN	NaN
2780.000	NaN	NaN	NaN
2783.333	NaN	NaN	NaN
2786.667	NaN	NaN	NaN
2790.000	NaN	NaN	NaN
2793.333	NaN	NaN	NaN
2796.667	NaN	NaN	NaN
2800.000	NaN	NaN	NaN
2803.333	NaN	NaN	NaN
2806.667	NaN	NaN	NaN
2810.000	NaN	NaN	NaN
2813.333	NaN	NaN	NaN
2816.667	NaN	NaN	NaN
2820.000	NaN	NaN	NaN
2823.333	NaN	NaN	NaN
2826.667	NaN	NaN	NaN
2830.000	NaN	NaN	NaN
2833.333	NaN	NaN	NaN
2836.667	NaN	NaN	NaN
2840.000	NaN	NaN	NaN
2843.333	NaN	NaN	NaN
2846.667	NaN	NaN	NaN
2850.000	NaN	NaN	NaN
2853.333	NaN	NaN	NaN
2856.667	NaN	NaN	NaN
2860.000	NaN	NaN	NaN
2863.333	NaN	NaN	NaN
2866.667	NaN	NaN	NaN
2870.000	NaN	NaN	NaN
2873.333	NaN	NaN	NaN
2876.667	NaN	NaN	NaN
2880.000	NaN	NaN	NaN
2883.333	NaN	NaN	NaN
2886.667	NaN	NaN	NaN
2890.000	NaN	NaN	NaN
2893.333	NaN	NaN	NaN
2896.667	NaN	NaN	NaN
2900.000	NaN	NaN	NaN
2903.333	NaN	NaN	NaN
2906.667	NaN	NaN	NaN
2910.000	NaN	NaN	NaN
2913.333	NaN	NaN	NaN
2916.667	NaN	NaN	NaN
2920.000	NaN	NaN	NaN
2923.333	NaN	NaN	NaN
2926.667	NaN	NaN	NaN
2930.000	NaN	NaN	NaN
2933.333	NaN	NaN	NaN
2936.667	NaN	NaN	NaN
2940.000	NaN	NaN	NaN
2943.333	NaN	NaN	NaN
2946.667	NaN	NaN	NaN
2950.000	NaN	NaN	NaN
2953.333	NaN	NaN	NaN
2956.667	NaN	NaN	NaN
2960.000	NaN	NaN	NaN
2963.333	NaN	NaN	NaN
2966.667	NaN	NaN	NaN
2970.000	NaN	NaN	NaN
2973.333	NaN	NaN	NaN
2976.667	NaN	NaN	NaN
2980.000	NaN	NaN	NaN
2983.333	NaN	NaN	NaN
2986.667	NaN	NaN	NaN
2990.000	NaN	NaN	NaN
2993.333	NaN	NaN	NaN
2996.667	NaN	NaN	NaN
3000.000	NaN	NaN	NaN
3003.333	NaN	NaN	NaN
3006.667	NaN	NaN	NaN
3010.000	NaN	NaN	NaN
3013.333	NaN	NaN	NaN
3016.667	NaN	NaN	NaN
3020.000	NaN	NaN	NaN
3023.333	NaN	NaN	NaN
3026.667	NaN	NaN	NaN
3030.000	NaN	NaN	NaN
3033.333	NaN	NaN	NaN
3036.667	NaN	NaN	NaN
3040.000	NaN	NaN	NaN
3043.333	NaN	NaN	NaN
3046.667	NaN	NaN	NaN
3050.000	NaN	NaN	NaN
3053.333	NaN	NaN	NaN
3056.667	NaN	NaN	NaN
3060.000	NaN	NaN	NaN
3063.333	NaN	NaN	NaN
3066.667	NaN	NaN	NaN
3070.000	NaN	NaN	NaN
3073.333	NaN	NaN	NaN
3076.667	NaN	NaN	NaN
3080.000	NaN	NaN	NaN
3083.333	NaN	NaN	NaN
3086.667	NaN	NaN	NaN
3090.000	NaN	NaN	NaN
3093.333	NaN	NaN	NaN
3096.667	NaN	NaN	NaN
3100.000	NaN	NaN	NaN
3103.333	NaN	NaN	NaN
3106.667	NaN	NaN	NaN
3110.000	NaN	NaN	NaN
3113.333	NaN	NaN	NaN
3116.667	NaN	NaN	NaN
3120.000	NaN	NaN	NaN
3123.333	NaN	NaN	NaN
3126.667	NaN	NaN	NaN
3130.000	NaN	NaN	NaN
3133.333	NaN	NaN	NaN
3136.667	NaN	NaN	NaN
3140.000	NaN	NaN	NaN
3143.333	NaN	NaN	NaN
3146.667	NaN	NaN	NaN
3150.000	NaN	NaN	NaN
3153.333	NaN	NaN	NaN
3156.667	NaN	NaN	NaN
3160.000	NaN	NaN	NaN
3163.333	NaN	NaN	NaN
3166.667	NaN	NaN	NaN
3170.000	NaN	NaN	NaN
3173.333	NaN	NaN	NaN
3176.667	NaN	NaN	NaN
3180.000	NaN	NaN	NaN
3183.333	NaN	NaN	NaN
3186.667	NaN	NaN	NaN
3190.000	NaN	NaN	NaN
3193.333	NaN	NaN	NaN
3196.667	NaN	NaN	NaN
3200.000	NaN	NaN	NaN
3203.333	NaN	NaN	NaN
3206.667	NaN	NaN	NaN
3210.000	NaN	NaN	NaN
3213.333	NaN	NaN	NaN
3216.667	NaN	NaN	NaN
3220.000	NaN	NaN	NaN
3223.333	NaN	NaN	NaN
3226.667	1348.6	1417.4	NaN
3230.000	NaN	NaN	NaN
3233.333	NaN	NaN	NaN
3236.667	NaN	NaN	NaN
3240.000	NaN	NaN	NaN
3243.333	1483.4	1318.1	NaN
3246.667	1507.4	1319.7	NaN
3250.000	1511.2	1311.7	NaN
3253.333	1498.0	1287.3	NaN
3256.667	1488.4	1307.6	NaN
3260.000	1491.5	1321.7	NaN
3263.333	NaN	NaN	NaN
3266.667	NaN	NaN	NaN
3270.000	1518.0	1324.2	NaN
3273.333	1532.4	1328.5	NaN
3276.667	1536.0	1326.0	NaN
3280.000	1526.2	1318.7	1084
3283.333	1522.9	1317.8	1690
3286.667	1506.8	1324.1	1404
3290.000	1506.2	1323.3	895
3293.333	1506.2	1324.4	385
3296.667	1511.2	1318.9	259
3300.000	1507.2	1324.6	525
3303.333	1509.3	1321.4	340
3306.667	1511.8	1322.0	119
3310.000	1516.0	1334.1	115
3313.333	1508.5	1323.0	176
3316.667	1508.0	1319.4	289
3320.000	1508.7	1329.2	237
3323.333	1508.9	1323.4	25
3326.667	1507.6	1328.4	216
3330.000	1509.5	1326.5	491
3333.333	1508.5	1319.0	128
3336.667	1506.8	1318.6	299
3340.000	1507.0	1320.5	225
3343.333	1513.5	1329.2	271
3346.667	1513.3	1321.3	110
3350.000	1511.0	1322.1	150
3353.333	1512.0	1315.5	263
3356.667	1501.6	1326.3	59
3360.000	1515.8	1319.7	207
3363.333	1511.6	1321.4	182
3366.667	1511.6	1318.6	283
3370.000	1514.3	1320.6	305
3373.333	1509.3	1323.3	217
3376.667	1510.8	1317.5	262
3380.000	1508.5	1324.7	276
3383.333	1508.4	1320.3	482
3386.667	1519.3	1325.7	568
3390.000	1509.9	1326.6	465
3393.333	1519.7	1323.9	329
3396.667	1513.3	1330.2	461
3400.000	1519.1	1315.1	407
3403.333	1513.7	1318.1	282
3406.667	1508.7	1322.5	233
3410.000	1508.9	1321.8	412
3413.333	1517.8	1324.3	331
3416.667	1508.7	1321.4	97
3420.000	1514.5	1324.2	302
3423.333	1514.3	1326.5	344
3426.667	1508.9	1318.0	574
3430.000	1519.9	1317.9	325
3433.333	1516.6	1318.9	271
3436.667	1522.6	1322.6	205
3440.000	1514.5	1320.4	515
3443.333	1509.3	1314.9	636
3446.667	1519.5	1325.3	606
3450.000	1508.2	1323.6	190
3453.333	1506.6	1324.9	53
3456.667	1509.5	1319.0	256
3460.000	1512.8	1317.3	241
3463.333	1513.3	1323.4	431
3466.667	1511.8	1320.3	475
3470.000	1508.9	1320.2	856
3473.333	1499.7	1312.1	699
3476.667	1507.8	1314.8	218
3480.000	1498.9	1310.1	309
3483.333	1522.4	1310.3	368
3486.667	1504.5	1320.9	271
3490.000	1510.5	1315.8	294
3493.333	1506.2	1313.1	265
3496.667	1515.1	1313.0	600
3500.000	1512.4	1310.8	222
3503.333	1521.0	1311.8	114
3506.667	1509.5	1312.1	241
3510.000	1511.2	1312.0	74
3513.333	1511.2	1310.0	319
3516.667	1511.6	1313.2	387
3520.000	1515.8	1310.0	299
3523.333	1509.9	1320.0	433
3526.667	1517.0	1315.7	167
3530.000	1509.7	1315.1	246
3533.333	1504.9	1318.2	295
3536.667	1514.5	1306.7	353
3540.000	1512.4	1311.8	274
3543.333	1513.7	1316.5	204
3546.667	1519.3	1308.9	331
3550.000	1507.6	1313.6	242
3553.333	1513.5	1314.8	195
3556.667	1520.1	1315.0	188
3560.000	1517.6	1309.9	80
3563.333	1516.4	1313.3	263
3566.667	1507.6	1314.5	395
3570.000	1510.3	1314.3	211
3573.333	1515.5	1315.8	148
3576.667	1511.2	1311.1	360
3580.000	1518.9	1317.5	330
3583.333	1507.8	1316.8	92
3586.667	1516.8	1319.2	226
3590.000	1514.9	1319.3	426
3593.333	1511.2	1308.3	228
3596.667	1521.0	1316.6	149
3600.000	1524.9	1318.4	188
3603.333	1507.4	1317.4	133
3606.667	1516.2	1312.6	504
3610.000	1516.4	1310.4	590
3613.333	1516.4	1318.5	299
3616.667	1509.1	1313.0	404
3620.000	1512.0	1305.2	163
3623.333	1517.0	1313.3	196
3626.667	1504.9	1313.1	189
3630.000	1516.4	1313.6	97
3633.333	1519.3	1312.5	413
3636.667	1510.3	1308.9	611
3640.000	1508.7	1309.0	336
3643.333	1528.3	1312.6	369
3646.667	1516.6	1304.9	208
3650.000	1512.6	1307.0	96
3653.333	1505.7	1308.6	357
3656.667	1515.1	1305.0	253
3660.000	1522.4	1310.0	645
3663.333	1513.3	1305.7	708
3666.667	1518.1	1303.2	778
3670.000	1524.1	1316.0	241
3673.333	1522.8	1307.4	293
3676.667	1534.8	1308.6	112
3680.000	1513.9	1307.7	412
3683.333	1520.3	1310.1	348
3686.667	1524.3	1310.5	394
3690.000	1517.2	1306.5	607
3693.333	1522.0	1313.8	452
3696.667	1519.7	1311.6	1223
3700.000	1526.8	1320.4	2978
3703.333	1515.3	1315.7	5603
3706.667	1486.1	1298.7	7580
3710.000	1454.0	1288.0	8585
3713.333	1426.0	1253.9	7813
3716.667	1412.7	1231.8	5938
3720.000	1415.0	1214.4	4166
3723.333	1421.2	1203.6	2653
3726.667	1426.8	1204.1	1562
3730.000	1425.8	1203.4	863
3733.333	1422.9	1194.3	894
3736.667	1419.1	1198.5	1152
3740.000	1410.2	1195.2	503
3743.333	1407.9	1202.7	417
3746.667	1408.7	1193.5	1042
3750.000	1426.9	1192.5	1193
3753.333	1424.4	1187.5	933
3756.667	1429.2	1187.7	458
3760.000	1422.9	1188.6	729
3763.333	1418.1	1186.9	543
3766.667	1418.5	1183.0	503
3770.000	1417.0	1181.5	192
3773.333	1419.1	1185.7	185
3776.667	1417.3	1186.5	419
3780.000	1417.7	1190.4	274
3783.333	1419.5	1186.1	87
3786.667	1426.2	1188.0	111
3790.000	1419.1	1184.1	143
3793.333	1415.0	1190.8	110
3796.667	1422.1	1188.8	312
3800.000	1417.5	1191.6	171
3803.333	1420.8	1182.5	54
3806.667	1417.5	1195.9	158
3810.000	1417.3	1188.1	204
3813.333	1416.6	1189.6	168
3816.667	1420.4	1184.8	185
3820.000	1414.8	1186.7	187
3823.333	1426.8	1190.5	110
3826.667	1417.3	1193.6	181
3830.000	1420.2	1185.4	144
3833.333	1417.2	1190.1	205
3836.667	1421.4	1189.8	247
3840.000	1419.3	1183.9	102
3843.333	1421.6	1190.2	77
3846.667	1420.8	1186.7	117
3850.000	1420.8	1186.7	177
3853.333	1419.1	1192.4	309
3856.667	1422.5	1188.9	363
3860.000	1418.5	1188.3	184
3863.333	1413.3	1185.6	161
3866.667	1419.5	1179.6	206
3870.000	1419.5	1192.4	120
3873.333	1425.0	1190.3	328
3876.667	1422.5	1185.0	304
3880.000	1411.2	1188.9	158
3883.333	1418.1	1192.1	144
3886.667	1422.5	1189.4	235
3890.000	1427.5	1190.5	383
3893.333	1414.8	1183.1	135
3896.667	1420.4	1195.8	224
3900.000	1423.7	1191.8	466
3903.333	1423.5	1190.6	466
3906.667	1422.0	1193.4	485
3910.000	1425.6	1199.3	355
3913.333	1426.0	1183.9	364
3916.667	1425.8	1185.1	345
3920.000	1420.4	1187.6	433
3923.333	1427.1	1188.2	68
3926.667	1422.7	1188.9	85
3930.000	1427.3	1181.5	168
3933.333	1425.0	1183.9	91
3936.667	1420.8	1187.9	402
3940.000	1421.6	1184.8	332
3943.333	1428.3	1191.0	33
3946.667	1428.9	1193.4	293
3950.000	1421.6	1184.4	348
3953.333	1422.0	1184.3	77
3956.667	1431.2	1193.9	172
3960.000	1430.0	1193.1	294
3963.333	1422.0	1187.7	68
3966.667	1424.3	1193.4	319
3970.000	1420.0	1189.1	231
3973.333	1430.8	1189.5	135
3976.667	1426.8	1187.0	310
3980.000	1420.6	1188.9	246
3983.333	1421.0	1187.4	129
3986.667	1425.8	1185.2	169
3990.000	1427.1	1184.4	601
3993.333	1424.8	1191.9	299
3996.667	1426.9	1184.5	81
4000.000	1433.7	1180.1	290
4003.333	1425.0	1189.5	333
4006.667	1421.8	1186.2	284
4010.000	1420.8	1186.4	97
4013.333	1423.3	1184.8	285
4016.667	1428.1	1187.7	542
4020.000	1433.5	1183.7	542
4023.333	1423.5	1189.1	542
4026.667	1433.3	1187.1	542
