time	x	y	v
0.000	NaN	NaN	NaN
3.333	NaN	NaN	NaN
6.667	NaN	NaN	NaN
10.000	NaN	NaN	NaN
13.333	NaN	NaN	NaN
16.667	NaN	NaN	NaN
20.000	NaN	NaN	NaN
23.333	NaN	NaN	NaN
26.667	NaN	NaN	NaN
30.000	NaN	NaN	NaN
33.333	NaN	NaN	NaN
36.667	NaN	NaN	NaN
40.000	NaN	NaN	NaN
43.333	NaN	NaN	NaN
46.667	NaN	NaN	NaN
50.000	NaN	NaN	NaN
53.333	NaN	NaN	NaN
56.667	NaN	NaN	NaN
60.000	NaN	NaN	NaN
63.333	NaN	NaN	NaN
66.667	NaN	NaN	NaN
70.000	NaN	NaN	NaN
73.333	NaN	NaN	NaN
76.667	NaN	NaN	NaN
80.000	NaN	NaN	NaN
83.333	NaN	NaN	NaN
86.667	NaN	NaN	NaN
90.000	NaN	NaN	NaN
93.333	NaN	NaN	NaN
96.667	NaN	NaN	NaN
100.000	NaN	NaN	NaN
103.333	NaN	NaN	NaN
106.667	NaN	NaN	NaN
110.000	NaN	NaN	NaN
113.333	NaN	NaN	NaN
116.667	NaN	NaN	NaN
120.000	NaN	NaN	NaN
123.333	NaN	NaN	NaN
126.667	NaN	NaN	NaN
130.000	NaN	NaN	NaN
133.333	NaN	NaN	NaN
136.667	NaN	NaN	NaN
140.000	NaN	NaN	NaN
143.333	NaN	NaN	NaN
146.667	NaN	NaN	NaN
150.000	NaN	NaN	NaN
153.333	NaN	NaN	NaN
156.667	NaN	NaN	NaN
160.000	NaN	NaN	NaN
163.333	728.3	249.8	NaN
166.667	665.5	273.2	NaN
170.000	631.5	366.7	NaN
173.333	578.5	363.4	NaN
176.667	NaN	NaN	NaN
180.000	NaN	NaN	NaN
183.333	NaN	NaN	NaN
186.667	NaN	NaN	NaN
190.000	NaN	NaN	NaN
193.333	521.9	414.3	NaN
196.667	524.7	428.0	NaN
200.000	516.7	450.4	NaN
203.333	508.2	441.2	1344
206.667	496.3	440.1	1596
210.000	501.7	422.3	1811
213.333	505.5	437.9	1193
216.667	504.0	403.3	1327
220.000	517.4	420.0	1045
223.333	516.1	431.6	1782
226.667	524.0	437.6	2473
230.000	513.6	429.2	1738
233.333	515.9	466.9	1347
236.667	508.6	449.7	878
240.000	508.8	449.7	401
243.333	519.9	457.8	903
246.667	520.9	451.5	745
250.000	517.4	442.7	1091
253.333	509.0	443.0	942
256.667	519.0	438.2	921
260.000	505.9	432.5	763
263.333	521.5	443.8	605
266.667	502.8	430.8	810
270.000	511.1	427.2	704
273.333	509.8	432.9	711
276.667	496.3	434.5	411
280.000	508.4	419.7	1044
283.333	511.1	429.9	1847
286.667	511.5	423.6	1274
290.000	503.6	402.5	494
293.333	508.6	395.6	647
296.667	511.5	422.2	1915
300.000	515.3	420.1	1979
303.333	517.1	442.5	1965
306.667	502.1	448.3	1503
310.000	506.1	422.2	941
313.333	505.2	446.3	221
316.667	510.0	456.7	408
320.000	512.3	439.8	236
323.333	510.9	443.2	820
326.667	509.2	437.3	675
330.000	500.4	439.5	375
333.333	512.3	433.1	366
336.667	517.4	441.8	395
340.000	499.4	433.2	951
343.333	512.6	433.8	565
346.667	511.3	430.3	469
350.000	510.5	415.5	809
353.333	512.3	434.1	153
356.667	513.0	433.2	445
360.000	524.0	431.8	1037
363.333	508.0	427.8	564
366.667	503.4	410.2	586
370.000	498.4	407.6	1312
373.333	515.3	447.1	1182
376.667	504.8	435.7	1858
380.000	485.0	431.0	1671
383.333	488.3	425.8	1143
386.667	508.6	460.0	1156
390.000	496.3	452.8	1417
393.333	513.6	461.6	1595
396.667	508.0	432.1	3799
400.000	511.3	442.2	3568
403.333	487.7	395.3	3090
406.667	486.3	390.2	907
410.000	488.6	406.6	2431
413.333	495.4	408.2	5403
416.667	490.4	447.2	7792
420.000	486.5	474.4	9880
423.333	443.9	488.1	11798
426.667	414.7	532.7	12410
430.000	380.0	560.7	12598
433.333	350.8	589.0	10206
436.667	346.4	635.8	8481
440.000	327.9	663.1	5772
443.333	321.0	629.0	4115
446.667	342.5	697.9	2639
450.000	324.1	655.9	1693
453.333	346.0	691.2	2558
456.667	322.4	689.5	1868
460.000	308.9	674.9	2216
463.333	322.2	709.7	757
466.667	344.3	724.4	791
470.000	338.3	694.8	998
473.333	320.6	694.5	2095
476.667	333.1	687.1	2059
480.000	331.0	677.5	656
483.333	330.0	678.3	709
486.667	333.9	678.1	554
490.000	335.0	688.7	1215
493.333	339.6	687.3	1417
496.667	338.3	688.8	1118
500.000	344.3	699.1	868
503.333	341.0	704.2	823
506.667	335.2	698.0	566
510.000	343.3	702.8	79
513.333	336.6	703.8	298
516.667	342.9	703.7	270
520.000	342.5	695.0	359
523.333	340.8	697.8	233
526.667	338.3	696.6	273
530.000	337.3	699.8	590
533.333	342.1	698.7	625
536.667	342.1	708.8	679
540.000	338.9	705.2	719
543.333	336.8	708.4	359
546.667	344.8	709.2	224
550.000	338.1	715.3	547
553.333	342.3	704.2	649
556.667	346.4	707.4	471
560.000	349.2	713.6	811
563.333	345.0	722.7	1087
566.667	336.6	715.7	658
570.000	348.1	727.1	683
573.333	353.1	723.3	608
576.667	353.9	716.7	641
580.000	358.5	720.3	426
583.333	347.3	721.1	1099
586.667	353.7	728.5	1414
590.000	355.6	734.1	863
593.333	353.3	743.1	656
596.667	353.7	741.1	109
600.000	352.1	728.8	341
603.333	350.0	738.9	71
606.667	355.4	727.6	225
610.000	348.5	737.1	723
613.333	355.8	744.0	916
616.667	356.7	736.5	967
620.000	362.1	742.1	624
623.333	366.1	745.8	490
626.667	357.3	748.0	531
630.000	353.9	748.2	197
633.333	359.0	749.4	34
636.667	359.4	746.9	520
640.000	360.6	743.7	431
643.333	361.3	748.4	364
646.667	366.3	756.9	489
650.000	361.7	743.7	426
653.333	366.5	750.1	523
656.667	360.8	758.5	485
660.000	356.0	751.6	833
663.333	363.5	762.5	264
666.667	361.9	757.3	201
670.000	361.5	763.3	302
673.333	365.0	753.1	90
676.667	361.3	759.1	204
680.000	361.7	762.9	340
683.333	363.1	757.4	643
686.667	356.0	760.0	597
690.000	368.1	769.8	301
693.333	369.0	765.8	254
696.667	364.0	769.2	380
700.000	356.5	762.5	765
703.333	371.9	755.2	455
706.667	364.2	761.1	340
710.000	359.4	755.7	1778
713.333	365.2	761.8	3745
716.667	357.9	779.0	5212
720.000	361.9	801.6	6242
723.333	333.3	829.7	5823
726.667	325.6	850.3	3880
730.000	318.1	858.6	1609
733.333	314.9	850.4	979
736.667	336.2	842.6	1576
740.000	327.9	828.0	1255
743.333	336.0	821.1	285
746.667	325.6	836.5	1369
750.000	333.7	843.3	1863
753.333	325.6	850.2	1606
756.667	326.4	861.3	707
760.000	319.3	852.7	287
763.333	319.7	848.7	523
766.667	320.1	846.0	646
770.000	331.0	848.0	727
773.333	328.7	846.3	782
776.667	332.0	853.1	658
780.000	330.8	850.9	259
783.333	335.2	851.5	45
786.667	334.3	852.3	242
790.000	319.5	849.0	214
793.333	336.8	849.6	290
796.667	326.2	857.4	253
800.000	334.3	841.4	221
803.333	324.9	852.0	88
806.667	327.0	846.6	511
810.000	332.7	850.0	777
813.333	337.0	854.6	315
816.667	337.3	852.7	307
820.000	326.6	862.2	665
823.333	331.6	846.4	723
826.667	325.2	854.0	469
830.000	322.4	857.4	480
833.333	327.2	844.3	415
836.667	331.6	849.0	559
840.000	328.9	849.0	274
843.333	335.6	843.8	541
846.667	330.4	852.0	439
850.000	327.4	854.3	480
853.333	333.1	856.2	437
856.667	321.2	849.6	296
860.000	324.7	851.1	339
863.333	328.1	848.3	265
866.667	323.5	857.8	355
870.000	327.9	843.7	307
873.333	326.0	850.3	385
876.667	331.4	850.8	288
880.000	330.6	855.4	680
883.333	328.3	858.0	526
886.667	326.4	854.3	560
890.000	327.9	859.8	577
893.333	331.2	861.0	583
896.667	317.8	857.6	450
900.000	319.5	860.2	171
903.333	324.1	868.1	266
906.667	330.0	862.7	811
910.000	321.6	857.0	1095
913.333	328.1	852.9	1854
916.667	335.6	855.4	4005
920.000	340.0	852.0	7437
923.333	355.4	836.9	11467
926.667	382.5	780.0	15147
930.000	398.2	713.6	17503
933.333	417.6	645.6	17141
936.667	419.9	587.4	14096
940.000	433.2	539.0	11707
943.333	465.4	528.1	11164
946.667	472.9	523.7	11818
950.000	489.4	479.7	NaN
953.333	496.3	403.9	NaN
956.667	490.9	346.5	NaN
960.000	NaN	NaN	NaN
963.333	NaN	NaN	NaN
966.667	NaN	NaN	NaN
970.000	NaN	NaN	NaN
973.333	NaN	NaN	NaN
976.667	NaN	NaN	NaN
980.000	NaN	NaN	NaN
983.333	NaN	NaN	NaN
986.667	NaN	NaN	NaN
990.000	NaN	NaN	NaN
993.333	NaN	NaN	NaN
996.667	NaN	NaN	NaN
1000.000	NaN	NaN	NaN
1003.333	NaN	NaN	NaN
1006.667	NaN	NaN	NaN
1010.000	NaN	NaN	NaN
1013.333	NaN	NaN	NaN
1016.667	NaN	NaN	NaN
1020.000	NaN	NaN	NaN
1023.333	NaN	NaN	NaN
1026.667	NaN	NaN	NaN
1030.000	NaN	NaN	NaN
1033.333	NaN	NaN	NaN
1036.667	NaN	NaN	NaN
1040.000	NaN	NaN	NaN
1043.333	NaN	NaN	NaN
1046.667	NaN	NaN	NaN
1050.000	NaN	NaN	NaN
1053.333	NaN	NaN	NaN
1056.667	NaN	NaN	NaN
1060.000	NaN	NaN	NaN
1063.333	NaN	NaN	NaN
1066.667	NaN	NaN	NaN
1070.000	NaN	NaN	NaN
1073.333	NaN	NaN	NaN
1076.667	NaN	NaN	NaN
1080.000	NaN	NaN	NaN
1083.333	NaN	NaN	NaN
1086.667	NaN	NaN	NaN
1090.000	NaN	NaN	NaN
1093.333	NaN	NaN	NaN
1096.667	NaN	NaN	NaN
1100.000	NaN	NaN	NaN
1103.333	NaN	NaN	NaN
1106.667	NaN	NaN	NaN
1110.000	NaN	NaN	NaN
1113.333	NaN	NaN	NaN
1116.667	NaN	NaN	NaN
1120.000	NaN	NaN	NaN
1123.333	NaN	NaN	NaN
1126.667	NaN	NaN	NaN
1130.000	NaN	NaN	NaN
1133.333	NaN	NaN	NaN
1136.667	NaN	NaN	NaN
1140.000	NaN	NaN	NaN
1143.333	NaN	NaN	NaN
1146.667	NaN	NaN	NaN
1150.000	NaN	NaN	NaN
1153.333	NaN	NaN	NaN
1156.667	NaN	NaN	NaN
1160.000	NaN	NaN	NaN
1163.333	NaN	NaN	NaN
1166.667	NaN	NaN	NaN
1170.000	NaN	NaN	NaN
1173.333	NaN	NaN	NaN
1176.667	NaN	NaN	NaN
1180.000	NaN	NaN	NaN
1183.333	NaN	NaN	NaN
1186.667	NaN	NaN	NaN
1190.000	NaN	NaN	NaN
1193.333	NaN	NaN	NaN
1196.667	NaN	NaN	NaN
1200.000	NaN	NaN	NaN
1203.333	NaN	NaN	NaN
1206.667	NaN	NaN	NaN
1210.000	NaN	NaN	NaN
1213.333	NaN	NaN	NaN
1216.667	NaN	NaN	NaN
1220.000	NaN	NaN	NaN
1223.333	NaN	NaN	NaN
1226.667	NaN	NaN	NaN
1230.000	NaN	NaN	NaN
1233.333	NaN	NaN	NaN
1236.667	NaN	NaN	NaN
1240.000	NaN	NaN	NaN
1243.333	NaN	NaN	NaN
1246.667	NaN	NaN	NaN
1250.000	NaN	NaN	NaN
1253.333	NaN	NaN	NaN
1256.667	NaN	NaN	NaN
1260.000	NaN	NaN	NaN
1263.333	NaN	NaN	NaN
1266.667	NaN	NaN	NaN
1270.000	NaN	NaN	NaN
1273.333	NaN	NaN	NaN
1276.667	NaN	NaN	NaN
1280.000	NaN	NaN	NaN
1283.333	NaN	NaN	NaN
1286.667	NaN	NaN	NaN
1290.000	NaN	NaN	NaN
1293.333	NaN	NaN	NaN
1296.667	NaN	NaN	NaN
1300.000	NaN	NaN	NaN
1303.333	NaN	NaN	NaN
1306.667	NaN	NaN	NaN
1310.000	NaN	NaN	NaN
1313.333	NaN	NaN	NaN
1316.667	NaN	NaN	NaN
1320.000	NaN	NaN	NaN
1323.333	NaN	NaN	NaN
1326.667	NaN	NaN	NaN
1330.000	NaN	NaN	NaN
1333.333	NaN	NaN	NaN
1336.667	NaN	NaN	NaN
1340.000	NaN	NaN	NaN
1343.333	NaN	NaN	NaN
1346.667	NaN	NaN	NaN
1350.000	NaN	NaN	NaN
1353.333	NaN	NaN	NaN
1356.667	NaN	NaN	NaN
1360.000	NaN	NaN	NaN
1363.333	NaN	NaN	NaN
1366.667	NaN	NaN	NaN
1370.000	NaN	NaN	NaN
1373.333	NaN	NaN	NaN
1376.667	NaN	NaN	NaN
1380.000	NaN	NaN	NaN
1383.333	NaN	NaN	NaN
1386.667	NaN	NaN	NaN
1390.000	NaN	NaN	NaN
1393.333	NaN	NaN	NaN
1396.667	NaN	NaN	NaN
1400.000	NaN	NaN	NaN
1403.333	NaN	NaN	NaN
1406.667	NaN	NaN	NaN
1410.000	NaN	NaN	NaN
1413.333	NaN	NaN	NaN
1416.667	NaN	NaN	NaN
1420.000	NaN	NaN	NaN
1423.333	NaN	NaN	NaN
1426.667	NaN	NaN	NaN
1430.000	NaN	NaN	NaN
1433.333	NaN	NaN	NaN
1436.667	NaN	NaN	NaN
1440.000	NaN	NaN	NaN
1443.333	NaN	NaN	NaN
1446.667	NaN	NaN	NaN
1450.000	NaN	NaN	NaN
1453.333	NaN	NaN	NaN
1456.667	NaN	NaN	NaN
1460.000	NaN	NaN	NaN
1463.333	NaN	NaN	NaN
1466.667	NaN	NaN	NaN
1470.000	NaN	NaN	NaN
1473.333	NaN	NaN	NaN
1476.667	NaN	NaN	NaN
1480.000	NaN	NaN	NaN
1483.333	NaN	NaN	NaN
1486.667	NaN	NaN	NaN
1490.000	NaN	NaN	NaN
1493.333	NaN	NaN	NaN
1496.667	NaN	NaN	NaN
1500.000	NaN	NaN	NaN
1503.333	NaN	NaN	NaN
1506.667	NaN	NaN	NaN
1510.000	NaN	NaN	NaN
1513.333	NaN	NaN	NaN
1516.667	NaN	NaN	NaN
1520.000	NaN	NaN	NaN
1523.333	NaN	NaN	NaN
1526.667	NaN	NaN	NaN
1530.000	NaN	NaN	NaN
1533.333	NaN	NaN	NaN
1536.667	NaN	NaN	NaN
1540.000	NaN	NaN	NaN
1543.333	NaN	NaN	NaN
1546.667	NaN	NaN	NaN
1550.000	NaN	NaN	NaN
1553.333	NaN	NaN	NaN
1556.667	NaN	NaN	NaN
1560.000	NaN	NaN	NaN
1563.333	656.1	241.7	NaN
1566.667	638.8	281.2	NaN
1570.000	NaN	NaN	NaN
1573.333	NaN	NaN	NaN
1576.667	NaN	NaN	NaN
1580.000	NaN	NaN	NaN
1583.333	NaN	NaN	NaN
1586.667	NaN	NaN	NaN
1590.000	NaN	NaN	NaN
1593.333	NaN	NaN	NaN
1596.667	NaN	NaN	NaN
1600.000	NaN	NaN	NaN
1603.333	NaN	NaN	NaN
1606.667	NaN	NaN	NaN
1610.000	NaN	NaN	NaN
1613.333	NaN	NaN	NaN
1616.667	NaN	NaN	NaN
1620.000	NaN	NaN	NaN
1623.333	NaN	NaN	NaN
1626.667	NaN	NaN	NaN
1630.000	NaN	NaN	NaN
1633.333	NaN	NaN	NaN
1636.667	NaN	NaN	NaN
1640.000	NaN	NaN	NaN
1643.333	NaN	NaN	NaN
1646.667	NaN	NaN	NaN
1650.000	NaN	NaN	NaN
1653.333	NaN	NaN	NaN
1656.667	NaN	NaN	NaN
1660.000	NaN	NaN	NaN
1663.333	NaN	NaN	NaN
1666.667	NaN	NaN	NaN
1670.000	NaN	NaN	NaN
1673.333	NaN	NaN	NaN
1676.667	NaN	NaN	NaN
1680.000	NaN	NaN	NaN
1683.333	NaN	NaN	NaN
1686.667	NaN	NaN	NaN
1690.000	NaN	NaN	NaN
1693.333	NaN	NaN	NaN
1696.667	NaN	NaN	NaN
1700.000	NaN	NaN	NaN
1703.333	NaN	NaN	NaN
1706.667	NaN	NaN	NaN
1710.000	NaN	NaN	NaN
1713.333	NaN	NaN	NaN
1716.667	NaN	NaN	NaN
1720.000	NaN	NaN	NaN
1723.333	NaN	NaN	NaN
1726.667	NaN	NaN	NaN
1730.000	NaN	NaN	NaN
1733.333	NaN	NaN	NaN
1736.667	NaN	NaN	NaN
1740.000	NaN	NaN	NaN
1743.333	NaN	NaN	NaN
1746.667	NaN	NaN	NaN
1750.000	NaN	NaN	NaN
1753.333	NaN	NaN	NaN
1756.667	NaN	NaN	NaN
1760.000	NaN	NaN	NaN
1763.333	NaN	NaN	NaN
1766.667	NaN	NaN	NaN
1770.000	NaN	NaN	NaN
1773.333	NaN	NaN	NaN
1776.667	NaN	NaN	NaN
1780.000	NaN	NaN	NaN
1783.333	NaN	NaN	NaN
1786.667	NaN	NaN	NaN
1790.000	NaN	NaN	NaN
1793.333	NaN	NaN	NaN
1796.667	NaN	NaN	NaN
1800.000	NaN	NaN	NaN
1803.333	NaN	NaN	NaN
1806.667	NaN	NaN	NaN
1810.000	NaN	NaN	NaN
1813.333	NaN	NaN	NaN
1816.667	NaN	NaN	NaN
1820.000	NaN	NaN	NaN
1823.333	NaN	NaN	NaN
1826.667	NaN	NaN	NaN
1830.000	NaN	NaN	NaN
1833.333	NaN	NaN	NaN
1836.667	NaN	NaN	NaN
1840.000	NaN	NaN	NaN
1843.333	NaN	NaN	NaN
1846.667	NaN	NaN	NaN
1850.000	NaN	NaN	NaN
1853.333	NaN	NaN	NaN
1856.667	NaN	NaN	NaN
1860.000	NaN	NaN	NaN
1863.333	NaN	NaN	NaN
1866.667	NaN	NaN	NaN
1870.000	NaN	NaN	NaN
1873.333	NaN	NaN	NaN
1876.667	NaN	NaN	NaN
1880.000	NaN	NaN	NaN
1883.333	NaN	NaN	NaN
1886.667	NaN	NaN	NaN
1890.000	NaN	NaN	NaN
1893.333	NaN	NaN	NaN
1896.667	NaN	NaN	NaN
1900.000	NaN	NaN	NaN
1903.333	NaN	NaN	NaN
1906.667	NaN	NaN	NaN
1910.000	NaN	NaN	NaN
1913.333	NaN	NaN	NaN
1916.667	NaN	NaN	NaN
1920.000	NaN	NaN	NaN
1923.333	NaN	NaN	NaN
1926.667	NaN	NaN	NaN
1930.000	NaN	NaN	NaN
1933.333	NaN	NaN	NaN
1936.667	NaN	NaN	NaN
1940.000	NaN	NaN	NaN
1943.333	NaN	NaN	NaN
1946.667	NaN	NaN	NaN
1950.000	NaN	NaN	NaN
1953.333	NaN	NaN	NaN
1956.667	NaN	NaN	NaN
1960.000	NaN	NaN	NaN
1963.333	NaN	NaN	NaN
1966.667	NaN	NaN	NaN
1970.000	NaN	NaN	NaN
1973.333	NaN	NaN	NaN
1976.667	NaN	NaN	NaN
1980.000	NaN	NaN	NaN
1983.333	NaN	NaN	NaN
1986.667	NaN	NaN	NaN
1990.000	NaN	NaN	NaN
1993.333	NaN	NaN	NaN
1996.667	NaN	NaN	NaN
2000.000	NaN	NaN	NaN
2003.333	NaN	NaN	NaN
2006.667	NaN	NaN	NaN
2010.000	NaN	NaN	NaN
2013.333	NaN	NaN	NaN
2016.667	NaN	NaN	NaN
2020.000	NaN	NaN	NaN
2023.333	NaN	NaN	NaN
2026.667	NaN	NaN	NaN
2030.000	NaN	NaN	NaN
2033.333	NaN	NaN	NaN
2036.667	NaN	NaN	NaN
2040.000	NaN	NaN	NaN
2043.333	NaN	NaN	NaN
2046.667	NaN	NaN	NaN
2050.000	NaN	NaN	NaN
2053.333	NaN	NaN	NaN
2056.667	NaN	NaN	NaN
2060.000	NaN	NaN	NaN
2063.333	NaN	NaN	NaN
2066.667	NaN	NaN	NaN
2070.000	NaN	NaN	NaN
2073.333	NaN	NaN	NaN
2076.667	NaN	NaN	NaN
2080.000	NaN	NaN	NaN
2083.333	NaN	NaN	NaN
2086.667	NaN	NaN	NaN
2090.000	NaN	NaN	NaN
2093.333	NaN	NaN	NaN
2096.667	NaN	NaN	NaN
2100.000	NaN	NaN	NaN
2103.333	NaN	NaN	NaN
2106.667	NaN	NaN	NaN
2110.000	NaN	NaN	NaN
2113.333	NaN	NaN	NaN
2116.667	NaN	NaN	NaN
2120.000	NaN	NaN	NaN
2123.333	NaN	NaN	NaN
2126.667	NaN	NaN	NaN
2130.000	NaN	NaN	NaN
2133.333	NaN	NaN	NaN
2136.667	NaN	NaN	NaN
2140.000	NaN	NaN	NaN
2143.333	NaN	NaN	NaN
2146.667	NaN	NaN	NaN
2150.000	NaN	NaN	NaN
2153.333	NaN	NaN	NaN
2156.667	NaN	NaN	NaN
2160.000	NaN	NaN	NaN
2163.333	NaN	NaN	NaN
2166.667	NaN	NaN	NaN
2170.000	NaN	NaN	NaN
2173.333	NaN	NaN	NaN
2176.667	NaN	NaN	NaN
2180.000	NaN	NaN	NaN
2183.333	NaN	NaN	NaN
2186.667	NaN	NaN	NaN
2190.000	NaN	NaN	NaN
2193.333	NaN	NaN	NaN
2196.667	NaN	NaN	NaN
2200.000	NaN	NaN	NaN
2203.333	NaN	NaN	NaN
2206.667	NaN	NaN	NaN
2210.000	NaN	NaN	NaN
2213.333	NaN	NaN	NaN
2216.667	NaN	NaN	NaN
2220.000	NaN	NaN	NaN
2223.333	NaN	NaN	NaN
2226.667	NaN	NaN	NaN
2230.000	NaN	NaN	NaN
2233.333	NaN	NaN	NaN
2236.667	NaN	NaN	NaN
2240.000	NaN	NaN	NaN
2243.333	NaN	NaN	NaN
2246.667	NaN	NaN	NaN
2250.000	NaN	NaN	NaN
2253.333	NaN	NaN	NaN
2256.667	NaN	NaN	NaN
2260.000	NaN	NaN	NaN
2263.333	NaN	NaN	NaN
2266.667	NaN	NaN	NaN
2270.000	NaN	NaN	NaN
2273.333	NaN	NaN	NaN
2276.667	NaN	NaN	NaN
2280.000	NaN	NaN	NaN
2283.333	NaN	NaN	NaN
2286.667	NaN	NaN	NaN
2290.000	NaN	NaN	NaN
2293.333	NaN	NaN	NaN
2296.667	NaN	NaN	NaN
2300.000	NaN	NaN	NaN
2303.333	NaN	NaN	NaN
2306.667	NaN	NaN	NaN
2310.000	NaN	NaN	NaN
2313.333	NaN	NaN	NaN
2316.667	NaN	NaN	NaN
2320.000	667.6	326.7	NaN
2323.333	651.6	307.8	NaN
2326.667	659.9	306.1	NaN
2330.000	661.1	316.1	NaN
2333.333	650.9	327.6	NaN
2336.667	NaN	NaN	NaN
2340.000	NaN	NaN	NaN
2343.333	NaN	NaN	NaN
2346.667	NaN	NaN	NaN
2350.000	NaN	NaN	NaN
2353.333	673.2	273.9	NaN
2356.667	665.5	302.6	NaN
2360.000	665.9	271.5	NaN
2363.333	652.6	294.8	881
2366.667	656.8	288.5	2018
2370.000	668.0	255.6	1095
2373.333	675.1	272.2	1188
2376.667	669.9	254.4	1016
2380.000	663.2	273.2	2812
2383.333	645.7	268.5	3047
2386.667	662.6	308.3	2962
2390.000	654.0	308.9	1261
2393.333	662.0	315.9	823
2396.667	657.6	304.1	837
2400.000	664.5	285.1	832
2403.333	660.1	304.8	872
2406.667	665.7	296.6	210
2410.000	665.9	300.6	551
2413.333	659.1	287.5	453
2416.667	658.2	310.4	811
2420.000	661.4	300.2	1032
2423.333	657.4	310.6	893
2426.667	655.9	306.2	518
2430.000	655.1	317.3	730
2433.333	652.8	306.7	312
2436.667	652.4	314.3	126
2440.000	654.0	317.0	1285
2443.333	652.8	311.4	2917
2446.667	660.7	308.1	4896
2450.000	687.9	305.5	6947
2453.333	717.5	310.5	8981
2456.667	749.2	299.4	10259
2460.000	786.0	305.3	10643
2463.333	827.9	328.2	11361
2466.667	860.9	336.5	12512
2470.000	886.7	361.5	12903
2473.333	928.3	391.8	12534
2476.667	961.2	442.7	12194
2480.000	994.6	453.2	11218
2483.333	1024.7	459.0	9672
2486.667	1065.0	457.6	8622
2490.000	1093.8	452.6	7671
2493.333	1106.7	462.9	6472
2496.667	1131.1	455.2	4707
2500.000	1148.4	449.2	2747
2503.333	1157.2	444.6	1491
2506.667	1152.8	440.2	494
2510.000	1135.7	444.9	125
2513.333	1142.2	449.4	619
2516.667	1145.1	439.9	1333
2520.000	1163.7	450.3	1709
2523.333	1165.8	436.9	1205
2526.667	1167.0	445.9	677
2530.000	1160.8	469.8	182
2533.333	1163.5	448.8	567
2536.667	1165.8	439.0	838
2540.000	1159.7	450.1	761
2543.333	1161.8	460.4	1377
2546.667	1164.7	477.7	1593
2550.000	1171.6	464.8	941
2553.333	1166.8	464.4	386
2556.667	1162.8	477.4	341
2560.000	1168.3	470.8	620
2563.333	1167.7	471.5	615
2566.667	1173.7	479.1	318
2570.000	1170.2	475.6	315
2573.333	1168.9	479.7	93
2576.667	1163.3	479.7	332
2580.000	1173.1	474.9	42
2583.333	1168.9	475.4	87
2586.667	1167.7	472.1	43
2590.000	1168.3	483.2	127
2593.333	1165.6	476.3	161
2596.667	1168.7	474.9	177
2600.000	1170.4	472.1	151
2603.333	1170.8	475.0	350
2606.667	1159.3	480.8	1202
2610.000	1167.7	482.4	1206
2613.333	1165.4	478.2	690
2616.667	1157.8	502.4	457
2620.000	1166.2	490.5	575
2623.333	1169.9	483.3	484
2626.667	1162.6	489.5	232
2630.000	1163.3	499.1	360
2633.333	1155.1	493.7	424
2636.667	1165.6	488.1	322
2640.000	1168.3	496.7	392
2643.333	1169.5	494.6	519
2646.667	1163.5	488.2	610
2650.000	1167.4	495.2	502
2653.333	1170.6	497.4	762
2656.667	1167.2	506.2	500
2660.000	1171.8	500.9	145
2663.333	1168.5	505.8	342
2666.667	1169.5	493.8	316
2670.000	1163.3	496.6	120
2673.333	1163.3	506.7	213
2676.667	1170.8	496.3	384
2680.000	1168.7	503.9	410
2683.333	1171.8	495.1	170
2686.667	1172.4	501.8	131
2690.000	1169.1	504.4	184
2693.333	1165.2	507.0	546
2696.667	1171.0	493.9	389
2700.000	1168.9	508.0	414
2703.333	1175.2	511.3	512
2706.667	1167.7	508.9	545
2710.000	1174.3	507.2	349
2713.333	1178.7	502.4	418
2716.667	1173.1	513.8	715
2720.000	1174.1	516.5	439
2723.333	1170.4	517.0	214
2726.667	1172.4	519.9	548
2730.000	1174.5	507.2	509
2733.333	1182.0	511.3	399
2736.667	1168.9	503.6	249
2740.000	1172.9	512.5	555
2743.333	1169.7	510.9	343
2746.667	1171.4	514.1	306
2750.000	1172.2	517.5	218
2753.333	1174.8	510.6	650
2756.667	1167.4	512.1	822
2760.000	1178.9	516.7	809
2763.333	1166.6	531.3	701
2766.667	1168.9	528.0	265
2770.000	1164.9	522.0	191
2773.333	1176.6	521.9	751
2776.667	1174.1	518.6	495
2780.000	1176.0	530.8	335
2783.333	1182.1	530.7	348
2786.667	1170.8	527.0	379
2790.000	1176.0	517.4	158
2793.333	1176.2	534.7	438
2796.667	1175.6	532.2	427
2800.000	1174.3	529.6	224
2803.333	1170.6	534.0	499
2806.667	1180.2	530.0	414
2810.000	1181.8	521.6	495
2813.333	1178.1	528.3	358
2816.667	1181.6	541.3	557
2820.000	1172.5	539.9	323
2823.333	1180.4	530.9	327
2826.667	1170.0	531.5	612
2830.000	1177.7	525.2	183
2833.333	1173.9	535.1	411
2836.667	1179.3	527.5	362
2840.000	1166.6	542.7	518
2843.333	1177.5	534.6	327
2846.667	1172.7	534.0	531
2850.000	1175.6	539.4	774
2853.333	1180.8	537.9	541
2856.667	1186.0	534.6	635
2860.000	1180.2	531.5	474
2863.333	1179.3	551.2	472
2866.667	1184.4	542.2	666
2870.000	1179.5	545.2	456
2873.333	1178.9	541.2	384
2876.667	1188.3	550.8	254
2880.000	1186.4	541.8	71
2883.333	1185.4	543.7	220
2886.667	1179.6	550.7	600
2890.000	1181.0	543.1	814
2893.333	1180.2	547.0	482
2896.667	1179.8	559.9	109
2900.000	1177.2	554.1	479
2903.333	1183.1	550.2	190
2906.667	1182.5	544.5	269
2910.000	1174.7	562.5	113
2913.333	1184.4	553.8	154
2916.667	1184.3	550.7	270
2920.000	1179.3	550.5	384
2923.333	1186.8	551.2	471
2926.667	1181.6	546.7	514
2930.000	1181.2	556.4	330
2933.333	1180.8	565.1	167
2936.667	1179.8	554.4	506
2940.000	1182.5	552.4	603
2943.333	1189.4	552.4	487
2946.667	1189.4	560.8	799
2950.000	1190.8	562.7	585
2953.333	1182.7	566.6	428
2956.667	1180.0	566.4	482
2960.000	1187.7	559.1	808
2963.333	1186.9	563.5	1093
2966.667	1187.7	548.0	1591
2970.000	1180.8	551.2	2623
2973.333	1185.2	546.5	3957
2976.667	1177.0	529.8	4538
2980.000	1174.8	503.1	5261
2983.333	1174.7	479.5	4829
2986.667	1178.3	470.1	3857
2990.000	1180.4	455.3	2196
2993.333	1178.5	456.9	984
2996.667	1182.3	449.1	1074
3000.000	1189.1	462.2	1529
3003.333	1192.3	469.9	1290
3006.667	1198.1	470.6	1130
3010.000	1202.3	467.5	1412
3013.333	1199.6	456.3	1113
3016.667	1206.3	446.4	406
3020.000	1205.6	447.6	552
3023.333	1205.8	463.9	245
3026.667	1202.5	466.8	335
3030.000	1202.7	471.7	496
3033.333	1208.6	438.2	876
3036.667	1210.6	459.0	814
3040.000	1214.2	453.6	274
3043.333	1211.7	455.1	262
3046.667	1213.6	456.0	400
3050.000	1202.5	453.4	420
3053.333	1206.9	437.5	557
3056.667	1212.1	459.6	460
3060.000	1205.4	464.1	668
3063.333	1208.3	464.0	443
3066.667	1203.1	452.4	251
3070.000	1206.1	462.8	257
3073.333	1210.8	453.1	204
3076.667	1212.5	460.3	207
3080.000	1205.4	460.4	179
3083.333	1207.5	453.8	35
3086.667	1207.9	461.1	59
3090.000	1215.2	458.4	968
3093.333	1207.5	453.3	991
3096.667	1210.2	462.8	554
3100.000	1208.3	427.2	170
3103.333	1210.6	444.1	540
3106.667	1210.0	462.0	932
3110.000	1210.9	463.4	1362
3113.333	1209.2	457.8	378
3116.667	1217.3	463.9	828
3120.000	1215.0	456.4	1271
3123.333	1216.5	444.7	947
3126.667	1215.6	451.8	663
3130.000	1220.7	436.8	1069
3133.333	1216.7	449.7	830
3136.667	1214.4	450.4	472
3140.000	1206.3	421.5	1143
3143.333	1208.6	440.2	1003
3146.667	1212.5	460.4	1186
3150.000	1209.4	464.7	658
3153.333	1212.7	457.9	1488
3156.667	1213.1	454.7	1515
3160.000	1213.6	430.4	1033
3163.333	1217.3	418.5	58
3166.667	1206.1	453.3	1087
3170.000	1218.4	448.3	1336
3173.333	1210.2	455.7	1020
3176.667	1214.8	461.7	328
3180.000	1209.0	442.0	624
3183.333	1212.1	453.0	918
3186.667	1220.2	450.8	1510
3190.000	1216.1	435.3	548
3193.333	1213.2	442.8	516
3196.667	1217.9	420.7	630
3200.000	1207.5	449.2	718
3203.333	1209.2	447.0	337
3206.667	1207.3	443.7	638
3210.000	1215.7	447.1	1369
3213.333	1208.8	435.7	1032
3216.667	1218.8	410.2	691
3220.000	1219.6	438.3	351
3223.333	1218.4	436.6	869
3226.667	1220.5	439.0	935
3230.000	1204.4	446.4	565
3233.333	1216.1	438.3	421
3236.667	1214.2	433.6	110
3240.000	1207.7	447.3	256
3243.333	1216.3	446.1	261
3246.667	1212.3	437.5	514
3250.000	1214.2	443.2	225
3253.333	1220.9	440.2	398
3256.667	1217.7	450.4	849
3260.000	1207.1	437.4	469
3263.333	1206.5	446.5	881
3266.667	1212.3	460.8	415
3270.000	1211.7	439.1	172
3273.333	1195.8	441.2	641
3276.667	1213.1	442.7	536
3280.000	1212.9	443.8	271
3283.333	1213.6	438.4	478
3286.667	1210.6	444.6	794
3290.000	1207.9	444.0	625
3293.333	1214.0	445.0	239
3296.667	1215.7	415.4	227
3300.000	1209.8	439.6	281
3303.333	1207.3	445.2	909
3306.667	1206.7	441.4	1063
3310.000	1211.3	444.1	398
3313.333	1211.5	452.7	413
3316.667	1222.1	438.8	137
3320.000	1210.0	444.2	660
3323.333	1206.1	433.1	686
3326.667	1210.6	447.3	482
3330.000	1208.1	431.2	200
3333.333	1204.8	442.5	294
3336.667	1210.9	446.0	1290
3340.000	1209.6	443.3	828
3343.333	1215.0	430.4	1283
3346.667	1204.8	407.5	464
3350.000	1218.2	436.8	453
3353.333	1215.0	423.0	130
3356.667	1211.5	444.0	95
3360.000	1215.4	416.8	991
3363.333	1211.7	425.5	966
3366.667	1210.9	414.8	717
3370.000	1213.2	418.5	689
3373.333	1210.9	410.9	576
3376.667	1204.4	430.1	657
3380.000	1210.9	434.4	397
3383.333	1210.0	426.0	173
3386.667	1210.2	422.3	188
3390.000	1200.0	415.6	173
3393.333	1211.1	429.1	197
3396.667	1211.7	432.9	64
3400.000	1204.6	425.2	84
3403.333	1212.1	412.6	910
3406.667	1206.1	426.3	1328
3410.000	1204.0	426.7	1237
3413.333	1207.1	405.9	2308
3416.667	1212.3	399.7	3018
3420.000	1199.2	402.4	4144
3423.333	1190.6	369.6	4440
3426.667	1177.9	380.5	4604
3430.000	1186.0	332.7	3903
3433.333	1182.0	329.0	2438
3436.667	1180.0	325.1	1451
3440.000	1182.3	329.9	836
3443.333	1186.2	330.0	1167
3446.667	1190.2	338.6	1021
3450.000	1192.1	346.8	987
3453.333	1196.2	338.0	657
3456.667	1188.7	338.9	669
3460.000	1175.8	354.8	672
3463.333	1181.2	334.9	477
3466.667	1183.5	340.2	391
3470.000	1182.5	342.8	645
3473.333	1184.4	333.6	157
3476.667	1180.6	338.4	958
3480.000	1183.5	336.1	588
3483.333	1186.6	340.3	635
3486.667	1191.2	313.0	1195
3490.000	1186.9	341.2	707
3493.333	1191.0	324.9	1097
3496.667	1187.5	310.4	482
3500.000	1187.5	330.6	1759
3503.333	1190.8	304.8	1414
3506.667	1188.1	320.4	1760
3510.000	1187.9	291.3	2137
3513.333	1191.2	297.0	1677
3516.667	1189.2	282.6	1214
3520.000	1184.8	286.7	420
3523.333	1182.3	279.0	742
3526.667	1185.4	295.3	624
3530.000	1182.1	288.3	530
3533.333	1172.7	292.6	643
3536.667	1178.1	278.1	1057
3540.000	1181.8	275.2	1464
3543.333	1205.6	300.3	1211
3546.667	1199.0	286.6	935
3550.000	1199.4	296.7	2391
3553.333	1188.3	263.8	4180
3556.667	1183.7	258.9	3839
3560.000	1202.5	236.1	NaN
3563.333	1167.2	223.3	NaN
3566.667	1151.4	244.2	NaN
3570.000	NaN	NaN	NaN
3573.333	NaN	NaN	NaN
3576.667	NaN	NaN	NaN
3580.000	NaN	NaN	NaN
3583.333	NaN	NaN	NaN
3586.667	NaN	NaN	NaN
3590.000	NaN	NaN	NaN
3593.333	NaN	NaN	NaN
3596.667	NaN	NaN	NaN
3600.000	NaN	NaN	NaN
3603.333	NaN	NaN	NaN
3606.667	NaN	NaN	NaN
3610.000	NaN	NaN	NaN
3613.333	NaN	NaN	NaN
3616.667	NaN	NaN	NaN
3620.000	NaN	NaN	NaN
3623.333	NaN	NaN	NaN
3626.667	NaN	NaN	NaN
3630.000	NaN	NaN	NaN
3633.333	NaN	NaN	NaN
3636.667	NaN	NaN	NaN
3640.000	NaN	NaN	NaN
3643.333	NaN	NaN	NaN
3646.667	NaN	NaN	NaN
3650.000	NaN	NaN	NaN
3653.333	NaN	NaN	NaN
3656.667	NaN	NaN	NaN
3660.000	1167.0	237.4	NaN
3663.333	1189.4	206.4	NaN
3666.667	1205.2	230.5	NaN
3670.000	NaN	NaN	NaN
3673.333	NaN	NaN	NaN
3676.667	NaN	NaN	NaN
3680.000	NaN	NaN	NaN
3683.333	NaN	NaN	NaN
3686.667	NaN	NaN	NaN
3690.000	NaN	NaN	NaN
3693.333	NaN	NaN	NaN
3696.667	1194.0	262.7	NaN
3700.000	1195.6	229.6	NaN
3703.333	1191.0	262.0	NaN
3706.667	1193.7	231.2	2459
3710.000	1184.8	287.2	2751
3713.333	1185.8	274.8	2159
3716.667	1177.9	296.6	2271
3720.000	1190.4	276.0	517
3723.333	1174.5	292.8	164
3726.667	1180.6	295.3	282
3730.000	1181.6	288.8	280
3733.333	1183.1	277.2	728
3736.667	1176.6	289.2	702
3740.000	1179.5	283.8	174
3743.333	1175.6	277.7	645
3746.667	1182.1	279.0	212
3750.000	1177.2	292.1	1131
3753.333	1169.9	293.0	1836
3756.667	1177.2	282.2	2695
3760.000	1165.2	245.5	2390
3763.333	1166.0	250.1	1665
3766.667	1155.1	247.1	889
3770.000	1192.1	259.1	1685
3773.333	1189.8	263.4	1677
3776.667	1177.5	256.5	1452
3780.000	1193.7	257.6	1120
3783.333	1197.3	245.5	179
3786.667	1191.4	239.2	258
3790.000	1188.7	244.3	1221
3793.333	1182.3	272.2	1576
3796.667	1190.6	254.8	866
3800.000	1177.3	270.0	NaN
3803.333	1188.3	267.2	NaN
3806.667	1202.1	250.1	NaN
3810.000	NaN	NaN	NaN
3813.333	NaN	NaN	NaN
3816.667	NaN	NaN	NaN
3820.000	NaN	NaN	NaN
3823.333	NaN	NaN	NaN
3826.667	NaN	NaN	NaN
3830.000	NaN	NaN	NaN
3833.333	NaN	NaN	NaN
3836.667	NaN	NaN	NaN
3840.000	NaN	NaN	NaN
3843.333	NaN	NaN	NaN
3846.667	945.8	194.6	NaN
3850.000	952.1	252.0	NaN
3853.333	975.6	259.0	NaN
3856.667	970.0	256.3	3114
3860.000	987.8	241.8	1818
3863.333	985.2	296.9	1565
3866.667	977.3	248.3	627
3870.000	984.6	286.8	864
3873.333	975.0	284.8	840
3876.667	961.9	240.8	499
3880.000	977.5	270.6	405
3883.333	971.3	312.6	1994
3886.667	978.2	249.7	2604
3890.000	978.8	298.9	982
3893.333	984.0	311.6	419
3896.667	984.0	293.8	1357
3900.000	973.2	292.5	1268
3903.333	981.5	295.6	452
3906.667	988.8	299.6	1828
3910.000	996.7	340.2	1553
3913.333	984.0	281.7	489
3916.667	997.8	336.6	1695
3920.000	991.3	310.9	3168
3923.333	985.3	275.2	1267
3926.667	981.7	281.9	1845
3930.000	987.6	263.1	270
3933.333	977.1	304.8	698
3936.667	988.4	290.3	839
3940.000	983.2	289.5	729
3943.333	978.4	282.0	526
3946.667	988.0	300.3	935
3950.000	990.9	290.3	422
3953.333	990.0	298.4	408
3956.667	990.0	308.9	833
3960.000	987.6	269.1	1461
3963.333	989.8	289.9	901
3966.667	980.5	286.1	532
3970.000	982.1	262.0	576
3973.333	981.7	300.9	491
3976.667	983.2	287.1	331
3980.000	987.5	283.5	277
3983.333	983.2	268.1	1466
3986.667	978.4	277.6	479
3990.000	989.0	276.7	1301
3993.333	989.2	264.9	1500
3996.667	972.1	284.0	331
4000.000	980.2	238.1	632
4003.333	978.0	246.2	632
4006.667	986.9	296.7	632
4010.000	973.2	280.5	632
