time	x	y	v
0.000	848.6	401.9	1481
3.333	842.3	412.7	1481
6.667	850.8	390.9	1481
10.000	845.4	340.4	1481
13.333	839.2	361.2	1734
16.667	844.6	367.5	2692
20.000	848.1	487.8	2999
23.333	852.9	392.3	171
26.667	848.1	397.7	1464
30.000	838.3	401.1	4303
33.333	847.3	365.1	1492
36.667	863.0	402.7	1841
40.000	860.0	359.1	1712
43.333	839.2	371.1	1147
46.667	860.7	365.1	2721
50.000	865.7	366.7	3730
53.333	833.9	421.0	3352
56.667	849.8	444.7	2312
60.000	858.6	407.4	571
63.333	850.8	421.1	2893
66.667	856.7	405.1	3254
70.000	847.9	402.7	2869
73.333	849.8	360.8	3528
76.667	844.8	381.3	2154
80.000	847.1	361.2	1318
83.333	863.2	347.9	379
86.667	855.7	375.1	1040
90.000	855.7	367.5	729
93.333	851.3	366.7	125
96.667	869.4	350.5	1259
100.000	837.9	383.9	1392
103.333	873.6	350.1	1156
106.667	844.6	341.9	588
110.000	867.1	341.6	421
113.333	868.8	355.5	2280
116.667	856.7	354.9	1851
120.000	841.0	389.3	1131
123.333	845.6	376.4	660
126.667	866.7	365.0	488
130.000	841.3	345.1	755
133.333	850.0	371.8	2222
136.667	846.7	391.2	1302
140.000	830.0	394.6	1084
143.333	870.0	410.4	1264
146.667	850.8	354.2	1527
150.000	854.6	376.4	622
153.333	830.6	356.5	2241
156.667	847.5	380.6	2638
160.000	838.8	428.2	2362
163.333	839.0	415.9	1224
166.667	839.8	383.9	668
170.000	842.3	419.3	1192
173.333	844.2	382.1	532
176.667	839.8	389.7	171
180.000	834.6	409.3	1050
183.333	840.4	392.6	2481
186.667	847.3	388.3	1665
190.000	851.9	444.6	1025
193.333	845.0	428.5	750
196.667	858.0	402.4	2324
200.000	853.6	400.1	3753
203.333	850.4	382.0	2966
206.667	834.2	368.1	1221
210.000	833.5	378.4	504
213.333	837.9	368.0	659
216.667	837.7	414.5	1001
220.000	847.3	370.7	472
223.333	832.9	387.4	653
226.667	828.1	392.1	1718
230.000	856.1	369.3	1003
233.333	838.8	371.8	907
236.667	846.3	367.4	502
240.000	842.9	420.9	407
243.333	828.1	397.0	369
246.667	859.8	363.5	325
250.000	853.4	376.5	1105
253.333	837.3	392.3	536
256.667	837.9	402.7	916
260.000	848.8	373.5	973
263.333	849.8	367.7	1597
266.667	831.0	383.5	2334
270.000	857.5	364.0	1646
273.333	862.7	377.1	1108
276.667	830.6	329.1	988
280.000	819.1	361.4	1182
283.333	835.6	379.3	2396
286.667	829.4	380.8	2825
290.000	844.4	359.9	1591
293.333	845.8	424.5	1065
296.667	848.3	372.5	1414
300.000	851.1	369.7	951
303.333	850.4	395.4	541
306.667	865.0	390.6	895
310.000	856.5	389.7	1041
313.333	851.7	401.1	830
316.667	833.1	378.2	760
320.000	837.3	390.4	1527
323.333	850.9	396.4	1425
326.667	850.9	382.5	1335
330.000	843.8	349.1	540
333.333	855.6	381.7	734
336.667	859.8	379.9	1374
340.000	842.3	413.0	1298
343.333	842.1	386.6	1389
346.667	839.4	386.2	2576
350.000	843.8	380.6	4254
353.333	825.6	402.1	6728
356.667	790.5	395.8	8081
360.000	749.0	402.5	9216
363.333	715.0	412.1	8105
366.667	700.2	384.7	5292
370.000	667.4	416.3	2286
373.333	671.8	388.7	1514
376.667	693.7	390.4	1120
380.000	715.2	373.8	1849
383.333	716.4	385.5	2696
386.667	686.2	421.2	2596
390.000	702.1	421.1	2282
393.333	689.3	435.2	2075
396.667	679.5	409.8	1528
400.000	674.7	383.5	1688
403.333	676.4	380.8	970
406.667	692.2	420.6	762
410.000	689.1	389.4	914
413.333	678.9	406.3	821
416.667	696.0	394.4	422
420.000	679.1	404.5	686
423.333	675.6	414.4	470
426.667	687.9	405.3	693
430.000	687.7	404.7	886
433.333	680.4	413.7	600
436.667	674.3	405.0	1795
440.000	687.6	380.8	1272
443.333	693.7	417.5	1084
446.667	692.7	462.5	521
450.000	701.6	395.5	1045
453.333	693.9	387.8	1720
456.667	683.5	409.8	1324
460.000	666.2	427.9	1151
463.333	681.2	396.4	547
466.667	686.0	419.8	1653
470.000	676.2	395.9	1673
473.333	701.0	414.3	1364
476.667	710.4	401.5	846
480.000	692.2	413.2	137
483.333	708.1	401.4	802
486.667	683.7	395.6	707
490.000	692.0	410.9	737
493.333	691.2	415.5	819
496.667	694.5	395.3	802
500.000	712.5	392.4	1028
503.333	708.5	393.6	421
506.667	686.4	401.1	665
510.000	690.2	389.1	531
513.333	703.7	403.6	428
516.667	702.3	409.5	1063
520.000	712.3	397.3	718
523.333	696.2	399.1	424
526.667	706.8	415.4	602
530.000	698.7	405.4	360
533.333	697.2	392.8	669
536.667	698.7	396.9	1105
540.000	703.9	411.4	718
543.333	679.9	394.5	250
546.667	690.2	395.0	528
550.000	697.3	386.1	191
553.333	697.7	399.4	918
556.667	698.9	391.4	766
560.000	690.4	406.3	1414
563.333	699.1	405.8	730
566.667	692.2	403.4	855
570.000	702.7	422.6	26
573.333	700.2	401.5	235
576.667	694.1	415.4	673
580.000	691.8	400.9	1063
583.333	700.4	402.7	442
586.667	705.8	398.1	459
590.000	696.6	396.0	513
593.333	698.5	402.4	514
596.667	703.3	409.5	411
600.000	707.5	390.2	215
603.333	705.6	390.0	383
606.667	707.5	399.3	511
610.000	688.9	411.3	396
613.333	697.9	392.0	388
616.667	704.4	389.6	363
620.000	702.0	400.7	1005
623.333	716.2	397.2	1380
626.667	697.9	411.2	1535
630.000	711.7	412.1	1109
633.333	709.6	413.6	708
636.667	708.1	423.1	314
640.000	710.0	416.4	983
643.333	696.8	408.1	877
646.667	699.6	418.3	745
650.000	697.0	431.4	832
653.333	695.2	417.9	548
656.667	695.2	419.4	847
660.000	696.6	429.5	502
663.333	716.4	406.3	575
666.667	709.1	417.9	316
670.000	687.0	421.4	206
673.333	713.7	415.0	441
676.667	703.1	426.6	746
680.000	709.2	413.4	433
683.333	703.7	395.8	834
686.667	699.1	412.2	806
690.000	690.6	421.4	616
693.333	702.3	406.9	1064
696.667	687.4	418.2	995
700.000	708.1	416.0	954
703.333	719.4	420.2	1416
706.667	698.7	433.0	752
710.000	705.8	421.6	1525
713.333	720.0	433.9	1149
716.667	695.6	426.1	654
720.000	692.4	452.4	633
723.333	703.1	432.3	1843
726.667	697.0	435.6	4277
730.000	702.9	406.6	5334
733.333	706.6	395.6	2984
736.667	722.3	344.4	958
740.000	720.6	364.4	5954
743.333	722.5	417.5	12744
746.667	691.4	465.9	NaN
750.000	685.1	518.5	NaN
753.333	692.9	639.3	NaN
756.667	NaN	NaN	NaN
760.000	NaN	NaN	NaN
763.333	NaN	NaN	NaN
766.667	NaN	NaN	NaN
770.000	NaN	NaN	NaN
773.333	NaN	NaN	NaN
776.667	NaN	NaN	NaN
780.000	NaN	NaN	NaN
783.333	NaN	NaN	NaN
786.667	NaN	NaN	NaN
790.000	NaN	NaN	NaN
793.333	NaN	NaN	NaN
796.667	NaN	NaN	NaN
800.000	NaN	NaN	NaN
803.333	NaN	NaN	NaN
806.667	NaN	NaN	NaN
810.000	NaN	NaN	NaN
813.333	NaN	NaN	NaN
816.667	NaN	NaN	NaN
820.000	NaN	NaN	NaN
823.333	NaN	NaN	NaN
826.667	NaN	NaN	NaN
830.000	NaN	NaN	NaN
833.333	NaN	NaN	NaN
836.667	NaN	NaN	NaN
840.000	NaN	NaN	NaN
843.333	NaN	NaN	NaN
846.667	NaN	NaN	NaN
850.000	NaN	NaN	NaN
853.333	NaN	NaN	NaN
856.667	NaN	NaN	NaN
860.000	NaN	NaN	NaN
863.333	NaN	NaN	NaN
866.667	NaN	NaN	NaN
870.000	NaN	NaN	NaN
873.333	NaN	NaN	NaN
876.667	NaN	NaN	NaN
880.000	NaN	NaN	NaN
883.333	NaN	NaN	NaN
886.667	NaN	NaN	NaN
890.000	NaN	NaN	NaN
893.333	NaN	NaN	NaN
896.667	NaN	NaN	NaN
900.000	NaN	NaN	NaN
903.333	NaN	NaN	NaN
906.667	NaN	NaN	NaN
910.000	NaN	NaN	NaN
913.333	NaN	NaN	NaN
916.667	NaN	NaN	NaN
920.000	NaN	NaN	NaN
923.333	NaN	NaN	NaN
926.667	NaN	NaN	NaN
930.000	NaN	NaN	NaN
933.333	NaN	NaN	NaN
936.667	NaN	NaN	NaN
940.000	NaN	NaN	NaN
943.333	NaN	NaN	NaN
946.667	NaN	NaN	NaN
950.000	NaN	NaN	NaN
953.333	NaN	NaN	NaN
956.667	NaN	NaN	NaN
960.000	NaN	NaN	NaN
963.333	NaN	NaN	NaN
966.667	NaN	NaN	NaN
970.000	NaN	NaN	NaN
973.333	NaN	NaN	NaN
976.667	NaN	NaN	NaN
980.000	NaN	NaN	NaN
983.333	NaN	NaN	NaN
986.667	NaN	NaN	NaN
990.000	NaN	NaN	NaN
993.333	743.8	478.0	NaN
996.667	741.3	482.2	NaN
1000.000	708.1	510.1	NaN
1003.333	711.2	510.2	266
1006.667	725.8	473.5	626
1010.000	726.7	490.5	1613
1013.333	739.8	487.2	526
1016.667	730.2	491.8	876
1020.000	730.6	487.2	851
1023.333	720.2	491.2	867
1026.667	717.3	495.2	1214
1030.000	720.4	495.1	800
1033.333	723.8	484.6	871
1036.667	701.8	473.6	1066
1040.000	720.0	488.6	657
1043.333	717.5	476.6	948
1046.667	706.4	476.2	803
1050.000	715.0	483.0	728
1053.333	732.3	455.9	956
1056.667	718.1	485.4	494
1060.000	723.8	470.9	363
1063.333	729.8	495.5	485
1066.667	713.9	457.8	336
1070.000	731.5	470.4	178
1073.333	722.3	484.6	418
1076.667	715.4	494.5	698
1080.000	725.8	465.3	947
1083.333	717.9	473.5	1455
1086.667	742.7	468.3	778
1090.000	726.5	460.4	328
1093.333	725.8	464.2	800
1096.667	726.9	480.2	871
1100.000	717.5	455.7	778
1103.333	713.5	462.0	384
1106.667	736.3	449.6	706
1110.000	723.1	452.0	1373
1113.333	722.1	473.0	1045
1116.667	716.5	450.4	988
1120.000	715.8	498.1	267
1123.333	725.0	462.5	185
1126.667	725.4	462.7	147
1130.000	723.1	461.5	764
1133.333	720.2	478.7	419
1136.667	718.1	466.1	446
1140.000	724.6	466.7	432
1143.333	717.7	467.2	684
1146.667	714.2	467.0	992
1150.000	713.9	470.7	473
1153.333	705.2	476.7	467
1156.667	716.0	484.5	952
1160.000	718.3	441.6	1467
1163.333	702.7	470.8	1745
1166.667	719.2	449.1	1481
1170.000	734.2	455.7	1372
1173.333	727.1	451.4	1057
1176.667	723.3	443.4	239
1180.000	741.5	443.0	907
1183.333	720.0	462.5	1410
1186.667	726.9	454.1	1899
1190.000	711.2	461.9	1553
1193.333	709.8	467.2	555
1196.667	705.2	468.9	420
1200.000	720.2	465.6	1268
1203.333	720.6	468.7	1432
1206.667	707.9	459.3	1452
1210.000	724.4	431.7	642
1213.333	705.6	449.8	666
1216.667	731.1	450.1	973
1220.000	729.2	468.3	852
1223.333	724.6	453.4	122
1226.667	720.8	460.6	330
1230.000	731.1	445.5	659
1233.333	712.1	456.2	309
1236.667	730.8	457.2	801
1240.000	719.4	448.6	825
1243.333	716.7	461.2	396
1246.667	706.9	466.1	450
1250.000	719.4	453.8	203
1253.333	734.0	459.5	489
1256.667	707.1	447.1	319
1260.000	717.5	466.5	1009
1263.333	724.4	452.3	955
1266.667	715.8	472.2	619
1270.000	723.6	475.0	329
1273.333	716.7	468.0	324
1276.667	722.3	451.3	312
1280.000	722.9	477.8	438
1283.333	711.9	450.6	505
1286.667	724.6	476.0	471
1290.000	709.1	474.6	617
1293.333	709.4	450.8	167
1296.667	718.3	456.8	614
1300.000	712.9	466.1	744
1303.333	721.3	460.7	399
1306.667	722.1	462.2	533
1310.000	722.5	462.3	1038
1313.333	713.9	441.5	671
1316.667	716.0	456.2	540
1320.000	723.8	444.1	188
1323.333	732.3	456.5	683
1326.667	726.9	457.1	440
1330.000	712.9	448.2	528
1333.333	708.9	462.9	272
1336.667	723.3	456.6	419
1340.000	731.5	457.9	574
1343.333	723.5	461.3	272
1346.667	717.1	462.1	321
1350.000	718.3	461.3	109
1353.333	724.4	454.4	426
1356.667	721.0	454.2	1386
1360.000	728.3	462.9	1628
1363.333	727.9	466.8	1009
1366.667	732.9	491.8	510
1370.000	710.8	482.8	373
1373.333	731.3	457.1	1847
1376.667	740.4	454.9	2038
1380.000	714.2	472.6	1165
1383.333	734.8	431.6	755
1386.667	727.9	457.6	1420
1390.000	731.7	458.0	1073
1393.333	709.8	465.9	1714
1396.667	713.1	481.8	429
1400.000	714.6	463.0	124
1403.333	710.2	455.8	627
1406.667	727.3	459.0	981
1410.000	717.7	469.4	794
1413.333	721.0	469.2	1381
1416.667	729.8	453.6	561
1420.000	720.2	479.4	352
1423.333	715.6	490.1	882
1426.667	714.8	452.0	573
1430.000	715.6	469.0	945
1433.333	720.4	443.2	517
1436.667	714.8	474.9	664
1440.000	708.9	464.8	386
1443.333	729.8	467.0	1163
1446.667	715.2	465.9	470
1450.000	709.4	467.6	512
1453.333	725.2	483.7	210
1456.667	724.6	457.5	485
1460.000	720.8	476.0	255
1463.333	717.3	469.0	649
1466.667	711.0	482.7	839
1470.000	729.0	462.6	1302
1473.333	734.8	460.2	1640
1476.667	734.6	458.2	1401
1480.000	721.0	455.2	351
1483.333	741.5	449.6	667
1486.667	732.5	457.4	890
1490.000	738.2	471.7	652
1493.333	728.4	471.2	1728
1496.667	724.0	467.1	876
1500.000	730.2	458.9	1441
1503.333	711.9	490.2	1042
1506.667	722.5	453.3	904
1510.000	711.7	447.3	1167
1513.333	710.6	471.0	1003
1516.667	709.6	479.2	2179
1520.000	708.5	484.4	1794
1523.333	714.0	489.0	389
1526.667	708.5	487.5	1087
1530.000	698.1	487.2	1921
1533.333	708.7	472.0	3155
1536.667	683.9	501.8	3736
1540.000	672.4	501.6	3714
1543.333	655.7	519.9	3276
1546.667	651.8	519.8	779
1550.000	670.1	536.9	1163
1553.333	674.3	531.0	1595
1556.667	685.6	499.4	2076
1560.000	680.3	503.6	1935
1563.333	665.1	506.6	1522
1566.667	664.7	485.6	1096
1570.000	665.5	507.3	502
1573.333	667.0	492.2	380
1576.667	670.5	531.1	939
1580.000	679.1	500.4	655
1583.333	665.3	485.9	1263
1586.667	669.1	525.1	2011
1590.000	685.4	495.0	1265
1593.333	689.1	481.2	971
1596.667	671.8	480.1	923
1600.000	679.7	481.2	1665
1603.333	663.0	489.9	2277
1606.667	662.6	513.8	1828
1610.000	665.3	502.0	1161
1613.333	670.7	520.7	610
1616.667	686.2	505.9	215
1620.000	670.8	503.2	329
1623.333	668.5	501.6	918
1626.667	665.5	515.6	983
1630.000	670.3	497.6	277
1633.333	667.4	498.2	221
1636.667	657.8	515.6	577
1640.000	669.1	502.1	145
1643.333	664.5	500.8	793
1646.667	672.2	494.5	771
1650.000	662.8	500.9	339
1653.333	669.3	486.6	710
1656.667	673.9	507.7	1406
1660.000	663.4	489.6	1041
1663.333	646.8	492.2	847
1666.667	642.4	510.3	588
1670.000	661.4	506.1	1749
1673.333	671.0	503.4	1498
1676.667	671.2	510.6	990
1680.000	677.6	516.5	921
1683.333	659.5	511.5	988
1686.667	663.0	524.4	820
1690.000	666.6	520.1	553
1693.333	668.2	523.2	485
1696.667	667.4	527.6	189
1700.000	678.5	521.4	344
1703.333	663.9	509.9	664
1706.667	659.7	537.5	1559
1710.000	666.4	524.6	1252
1713.333	675.8	499.2	989
1716.667	682.0	491.0	1170
1720.000	679.5	512.5	1401
1723.333	663.4	512.7	1099
1726.667	658.2	504.7	900
1730.000	664.9	474.7	549
1733.333	660.3	509.4	461
1736.667	667.4	513.5	292
1740.000	659.5	514.4	811
1743.333	667.8	506.2	1882
1746.667	663.0	488.4	615
1750.000	672.4	467.7	605
1753.333	665.3	490.9	1147
1756.667	668.7	524.1	1789
1760.000	672.8	513.4	2175
1763.333	668.5	505.9	544
1766.667	677.4	509.2	163
1770.000	674.9	528.4	895
1773.333	664.7	505.5	646
1776.667	667.8	524.7	1023
1780.000	653.8	516.7	787
1783.333	671.6	515.5	1054
1786.667	657.2	532.5	605
1790.000	655.5	521.6	1098
1793.333	649.5	526.4	1878
1796.667	659.9	506.3	2619
1800.000	653.2	492.5	1050
1803.333	654.1	491.9	303
1806.667	659.5	482.2	1817
1810.000	654.0	523.4	1540
1813.333	655.9	526.7	1441
1816.667	653.0	529.3	815
1820.000	652.8	500.6	1383
1823.333	651.1	521.9	1071
1826.667	648.2	512.9	1341
1830.000	647.6	493.8	1182
1833.333	660.1	513.0	1652
1836.667	665.5	491.9	1334
1840.000	663.9	493.2	624
1843.333	668.4	496.8	222
1846.667	671.0	500.7	325
1850.000	658.8	499.8	259
1853.333	660.3	498.6	487
1856.667	671.2	497.4	989
1860.000	658.4	497.0	1046
1863.333	659.3	507.3	947
1866.667	652.0	520.2	1425
1870.000	645.5	505.4	1168
1873.333	650.3	489.2	295
1876.667	637.2	497.4	557
1880.000	640.1	499.9	1467
1883.333	660.9	522.8	1294
1886.667	657.4	492.8	1382
1890.000	665.9	526.2	1334
1893.333	662.2	488.9	406
1896.667	663.7	506.6	1720
1900.000	671.2	534.9	1132
1903.333	657.8	512.7	1775
1906.667	650.3	539.1	951
1910.000	653.4	517.9	2065
1913.333	651.8	529.6	2054
1916.667	653.4	492.3	2136
1920.000	654.7	490.3	1263
1923.333	656.6	489.9	1351
1926.667	668.7	508.0	456
1930.000	666.0	502.7	760
1933.333	654.5	477.8	1105
1936.667	653.2	482.4	739
1940.000	654.9	528.0	817
1943.333	663.2	517.0	599
1946.667	659.5	502.0	158
1950.000	650.7	499.0	1460
1953.333	666.0	490.2	610
1956.667	645.1	512.6	721
1960.000	664.1	489.5	1211
1963.333	660.5	501.9	980
1966.667	672.2	512.9	559
1970.000	676.6	501.0	226
1973.333	664.3	511.3	1099
1976.667	655.9	492.2	1039
1980.000	663.2	494.2	808
1983.333	659.1	486.2	428
1986.667	660.3	506.7	235
1990.000	657.0	492.5	621
1993.333	657.6	495.5	860
1996.667	662.4	482.2	661
2000.000	642.6	502.0	996
2003.333	658.2	517.2	831
2006.667	656.1	506.8	1095
2010.000	666.2	503.5	770
2013.333	649.9	505.5	1279
2016.667	647.8	517.8	1026
2020.000	671.2	488.4	953
2023.333	674.3	490.4	812
2026.667	661.8	495.1	646
2030.000	668.9	497.2	1425
2033.333	662.0	527.4	584
2036.667	669.5	504.1	278
2040.000	671.0	512.7	119
2043.333	663.9	494.1	780
2046.667	668.4	496.0	595
2050.000	668.7	524.4	376
2053.333	659.7	495.4	1130
2056.667	657.6	500.7	454
2060.000	667.6	513.5	902
2063.333	654.1	522.6	285
2066.667	678.7	477.5	249
2070.000	671.2	504.8	1135
2073.333	655.5	507.0	486
2076.667	660.5	503.3	520
2080.000	661.4	482.7	378
2083.333	659.7	507.9	581
2086.667	669.5	489.8	238
2090.000	660.3	503.1	583
2093.333	669.7	498.0	639
2096.667	659.1	488.7	1094
2100.000	663.9	510.7	184
2103.333	666.0	518.5	777
2106.667	651.1	505.0	1003
2110.000	666.0	492.2	1246
2113.333	657.0	476.8	1087
2116.667	662.6	488.9	185
2120.000	655.5	502.1	1016
2123.333	664.9	487.7	1502
2126.667	654.1	505.0	603
2130.000	668.5	505.3	1448
2133.333	668.4	509.2	838
2136.667	670.3	485.1	981
2140.000	685.4	478.7	377
2143.333	667.2	501.2	1108
2146.667	674.9	501.2	1529
2150.000	653.8	502.8	700
2153.333	653.2	507.4	2029
2156.667	663.7	500.1	1168
2160.000	683.7	458.7	2931
2163.333	680.3	471.4	4448
2166.667	673.7	513.8	5834
2170.000	723.6	488.7	7717
2173.333	754.0	480.4	10029
2176.667	783.9	480.5	11095
2180.000	827.9	466.2	9888
2183.333	867.5	471.2	8627
2186.667	895.1	482.5	6295
2190.000	908.9	474.4	3093
2193.333	916.4	468.1	826
2196.667	906.8	471.3	1180
2200.000	883.8	507.1	1256
2203.333	889.5	477.6	794
2206.667	884.2	479.3	1117
2210.000	897.8	472.2	2354
2213.333	916.2	500.7	1430
2216.667	917.2	476.6	673
2220.000	922.6	473.1	433
2223.333	901.6	474.9	1175
2226.667	900.1	483.0	1019
2230.000	911.2	471.3	847
2233.333	919.7	465.3	353
2236.667	888.2	467.6	293
2240.000	898.8	486.3	244
2243.333	914.5	463.8	584
2246.667	895.9	479.7	881
2250.000	923.7	457.6	476
2253.333	912.2	484.1	340
2256.667	903.6	470.7	383
2260.000	913.3	472.7	357
2263.333	916.2	472.3	955
2266.667	910.7	467.5	362
2270.000	909.9	471.3	339
2273.333	908.2	455.7	189
2276.667	902.2	473.5	118
2280.000	913.9	471.5	289
2283.333	914.7	474.4	232
2286.667	909.1	460.9	995
2290.000	913.3	471.0	1323
2293.333	907.8	456.1	593
2296.667	933.5	469.4	610
2300.000	930.8	447.3	900
2303.333	900.5	467.0	181
2306.667	920.6	450.8	779
2310.000	929.1	450.7	760
2313.333	919.5	469.0	129
2316.667	907.4	457.9	483
2320.000	914.9	467.9	100
2323.333	909.1	456.4	536
2326.667	922.9	455.7	264
2330.000	923.7	458.2	335
2333.333	904.3	456.3	798
2336.667	916.2	460.2	884
2340.000	908.7	458.0	575
2343.333	920.1	479.0	482
2346.667	903.4	459.5	363
2350.000	921.6	467.6	719
2353.333	911.4	462.9	637
2356.667	924.5	456.7	830
2360.000	912.0	451.2	199
2363.333	898.0	475.6	509
2366.667	902.6	478.1	296
2370.000	938.5	445.4	286
2373.333	921.0	460.8	1211
2376.667	911.0	453.5	867
2380.000	901.2	463.9	383
2383.333	911.8	445.0	744
2386.667	922.0	450.9	2265
2390.000	932.7	444.0	2139
2393.333	922.8	470.2	883
2396.667	959.8	442.2	271
2400.000	935.2	452.8	1106
2403.333	918.7	456.2	1251
2406.667	922.9	455.9	1535
2410.000	914.1	461.1	797
2413.333	926.0	433.5	543
2416.667	919.9	449.9	697
2420.000	912.8	450.8	299
2423.333	914.3	449.2	1456
2426.667	907.4	449.3	527
2430.000	922.6	458.0	846
2433.333	925.8	473.9	635
2436.667	917.4	445.3	938
2440.000	902.6	471.4	2219
2443.333	908.2	455.0	2104
2446.667	912.4	478.5	2983
2450.000	915.3	518.0	943
2453.333	908.4	486.6	321
2456.667	891.3	504.8	889
2460.000	916.8	464.8	678
2463.333	911.2	478.3	843
2466.667	912.4	484.6	594
2470.000	910.1	507.5	458
2473.333	909.1	501.7	1396
2476.667	914.9	466.8	756
2480.000	901.2	465.8	1328
2483.333	924.9	461.7	687
2486.667	900.5	504.0	559
2490.000	926.2	468.6	1602
2493.333	911.4	468.6	2169
2496.667	908.7	480.0	573
2500.000	898.0	514.2	1733
2503.333	898.2	509.3	275
2506.667	906.4	466.3	502
2510.000	904.9	506.3	1039
2513.333	907.4	459.3	262
2516.667	904.5	502.5	946
2520.000	908.5	492.5	166
2523.333	896.4	485.0	1822
2526.667	907.8	498.6	1016
2530.000	908.5	480.9	1101
2533.333	910.3	528.1	508
2536.667	910.3	450.5	577
2540.000	903.7	471.9	738
2543.333	886.7	502.6	193
2546.667	907.6	497.0	2279
2550.000	900.5	498.9	986
2553.333	915.6	481.5	1492
2556.667	909.3	515.3	400
2560.000	914.7	479.3	1132
2563.333	908.7	473.4	504
2566.667	896.6	503.7	1328
2570.000	906.0	463.5	780
2573.333	922.9	492.2	650
2576.667	906.6	468.7	1258
2580.000	902.6	462.5	724
2583.333	898.2	480.0	2038
2586.667	903.6	463.9	2622
2590.000	899.3	476.8	4092
2593.333	874.9	521.7	4101
2596.667	866.5	487.4	4087
2600.000	833.9	517.8	2076
2603.333	836.0	484.9	1280
2606.667	846.7	518.5	1212
2610.000	866.3	497.9	1769
2613.333	862.7	475.5	420
2616.667	874.8	514.4	850
2620.000	851.7	487.4	1332
2623.333	842.5	497.0	1024
2626.667	840.8	508.0	1013
2630.000	858.2	506.5	264
2633.333	846.3	481.4	332
2636.667	861.7	485.9	70
2640.000	844.0	508.0	833
2643.333	849.2	501.4	1641
2646.667	848.3	504.6	1132
2650.000	841.9	503.3	680
2653.333	854.8	521.9	1479
2656.667	848.6	510.3	347
2660.000	841.9	517.5	1246
2663.333	857.9	536.0	1638
2666.667	851.1	478.5	768
2670.000	848.8	485.6	1294
2673.333	848.4	500.5	1425
2676.667	852.9	515.3	214
2680.000	837.1	484.8	184
2683.333	847.5	481.6	222
2686.667	850.2	490.0	471
2690.000	844.8	500.5	669
2693.333	842.9	506.5	713
2696.667	853.4	480.3	643
2700.000	850.0	495.2	773
2703.333	866.9	483.6	55
2706.667	851.1	513.6	798
2710.000	858.4	490.0	1198
2713.333	840.4	492.7	1253
2716.667	851.5	502.0	566
2720.000	834.8	513.3	261
2723.333	841.2	477.4	993
2726.667	847.1	517.9	549
2730.000	852.9	488.2	708
2733.333	863.6	513.0	1333
2736.667	843.6	506.3	1794
2740.000	829.1	517.6	1442
2743.333	833.3	506.0	1008
2746.667	824.1	533.5	519
2750.000	838.7	483.2	1750
2753.333	837.3	521.3	1786
2756.667	852.5	511.9	1676
2760.000	863.2	499.8	1347
2763.333	857.1	508.1	1404
2766.667	855.2	520.6	216
2770.000	866.3	493.2	507
2773.333	866.7	502.0	583
2776.667	846.0	522.1	1434
2780.000	854.8	486.5	1451
2783.333	850.0	509.9	1040
2786.667	856.3	472.2	1690
2790.000	831.2	497.7	498
2793.333	854.2	499.2	930
2796.667	849.0	465.3	1915
2800.000	844.8	517.9	1520
2803.333	842.5	517.6	816
2806.667	847.5	512.0	1129
2810.000	853.8	516.1	646
2813.333	838.3	489.7	176
2816.667	827.7	512.0	413
2820.000	849.2	510.8	1183
2823.333	852.1	524.9	651
2826.667	843.6	511.9	1558
2830.000	852.9	532.2	1286
2833.333	838.5	489.3	880
2836.667	853.8	479.4	677
2840.000	843.1	509.2	610
2843.333	827.1	533.2	1510
2846.667	838.7	509.0	827
2850.000	842.7	502.3	529
2853.333	848.8	521.1	401
2856.667	847.5	507.4	420
2860.000	841.9	526.9	890
2863.333	827.9	507.9	734
2866.667	848.3	516.1	892
2870.000	834.0	528.3	898
2873.333	844.8	530.8	799
2876.667	842.9	525.7	245
2880.000	860.0	502.5	390
2883.333	834.8	535.4	535
2886.667	847.5	514.9	570
2890.000	842.1	545.5	593
2893.333	851.9	530.0	468
2896.667	832.9	491.9	577
2900.000	841.3	527.0	723
2903.333	847.3	531.6	451
2906.667	831.7	516.7	1603
2910.000	857.5	519.7	1192
2913.333	851.1	521.4	740
2916.667	859.4	533.7	469
2920.000	863.2	531.0	1269
2923.333	844.2	530.9	1263
2926.667	844.2	518.4	2073
2930.000	831.2	538.9	2106
2933.333	837.3	527.0	894
2936.667	831.2	492.8	517
2940.000	833.3	502.4	1508
2943.333	844.0	530.2	1736
2946.667	852.1	526.9	2632
2950.000	863.0	517.3	1339
2953.333	837.9	548.6	930
2956.667	850.6	542.9	329
2960.000	854.4	522.8	336
2963.333	857.7	551.1	1550
2966.667	841.2	517.9	1204
2970.000	848.1	535.8	561
2973.333	831.6	508.5	307
2976.667	846.7	527.5	1014
2980.000	854.4	555.7	209
2983.333	841.3	523.4	592
2986.667	838.5	541.9	1051
2990.000	845.6	521.3	1170
2993.333	833.7	535.1	204
2996.667	830.8	525.5	128
3000.000	837.9	530.2	671
3003.333	843.1	535.0	1205
3006.667	835.2	536.3	1258
3010.000	849.0	498.3	1087
3013.333	848.1	523.9	1018
3016.667	852.1	516.9	1299
3020.000	858.6	533.0	2174
3023.333	856.5	541.0	360
3026.667	851.9	536.4	448
3030.000	836.7	549.1	1714
3033.333	869.4	494.4	1091
3036.667	844.6	527.8	610
3040.000	849.2	503.7	472
3043.333	853.8	536.0	697
3046.667	848.8	561.0	835
3050.000	860.9	507.6	745
3053.333	855.0	510.2	920
3056.667	835.8	558.8	343
3060.000	862.1	528.4	1447
3063.333	842.1	514.3	706
3066.667	849.6	545.4	103
3070.000	828.5	528.6	997
3073.333	843.3	531.9	1080
3076.667	850.9	549.2	1722
3080.000	844.8	537.6	1504
3083.333	864.4	533.2	920
3086.667	862.8	502.3	722
3090.000	856.1	541.4	558
3093.333	841.5	521.3	1117
3096.667	834.0	562.6	375
3100.000	855.9	518.0	1493
3103.333	851.5	540.0	984
3106.667	849.6	502.5	1181
3110.000	864.4	519.3	626
3113.333	842.9	531.7	878
3116.667	850.2	525.5	808
3120.000	843.5	529.5	641
3123.333	844.8	542.4	369
3126.667	844.6	505.5	167
3130.000	845.2	529.2	669
3133.333	846.3	525.7	1063
3136.667	852.1	529.1	969
3140.000	856.7	522.5	861
3143.333	864.6	517.5	190
3146.667	858.0	518.8	561
3150.000	842.3	512.5	110
3153.333	849.0	533.2	1071
3156.667	850.8	513.1	436
3160.000	868.2	524.0	612
3163.333	822.0	518.4	649
3166.667	851.9	520.6	1332
3170.000	852.9	537.9	657
3173.333	848.3	537.4	1344
3176.667	856.1	539.0	162
3180.000	865.0	513.8	1402
3183.333	848.6	543.0	1012
3186.667	852.3	521.1	839
3190.000	862.1	504.9	747
3193.333	851.7	526.4	328
3196.667	846.0	521.6	1415
3200.000	844.4	520.6	1951
3203.333	856.7	547.7	302
3206.667	853.4	538.3	165
3210.000	850.8	548.6	833
3213.333	846.7	511.8	1522
3216.667	851.5	526.6	1196
3220.000	840.2	519.5	1374
3223.333	835.0	531.1	1263
3226.667	839.0	521.9	1813
3230.000	849.4	499.4	2505
3233.333	856.3	490.6	1991
3236.667	843.3	500.5	1088
3240.000	850.8	475.5	525
3243.333	847.7	502.5	1370
3246.667	848.6	491.6	1256
3250.000	852.7	514.4	1011
3253.333	849.8	518.6	276
3256.667	852.3	505.5	1107
3260.000	854.2	495.2	1774
3263.333	836.4	506.8	2603
3266.667	826.0	517.0	3467
3270.000	820.2	528.1	4260
3273.333	799.7	492.3	4766
3276.667	791.4	467.1	3899
3280.000	767.0	488.5	2055
3283.333	742.1	507.6	818
3286.667	778.2	482.5	1083
3290.000	791.0	499.0	1503
3293.333	776.6	489.2	1749
3296.667	779.7	501.3	1255
3300.000	785.7	508.4	1753
3303.333	781.6	525.6	903
3306.667	784.3	497.3	763
3310.000	775.7	539.1	1328
3313.333	764.2	491.1	797
3316.667	774.7	497.9	828
3320.000	778.2	492.2	830
3323.333	767.2	526.7	645
3326.667	760.9	496.9	1044
3330.000	759.0	511.2	224
3333.333	772.0	498.9	1499
3336.667	761.1	523.8	1798
3340.000	783.9	497.9	2625
3343.333	770.5	479.4	599
3346.667	793.7	484.5	368
3350.000	788.4	468.7	1021
3353.333	768.6	535.1	627
3356.667	769.2	513.3	1386
3360.000	765.7	474.2	2569
3363.333	776.1	471.5	3513
3366.667	789.9	461.8	1910
3370.000	786.4	453.0	1546
3373.333	787.8	477.4	2526
3376.667	786.8	470.0	2507
3380.000	798.5	497.8	1714
3383.333	760.1	519.8	1130
3386.667	794.3	487.8	798
3390.000	773.8	479.8	849
3393.333	764.0	483.4	808
3396.667	780.5	493.5	559
3400.000	782.8	493.5	1063
3403.333	781.1	491.7	1601
3406.667	792.4	461.8	1329
3410.000	780.7	474.4	1214
3413.333	773.8	458.6	114
3416.667	773.4	483.3	1757
3420.000	781.1	464.7	2649
3423.333	788.9	489.7	3799
3426.667	760.3	498.6	2204
3430.000	782.8	528.0	1406
3433.333	770.3	535.6	459
3436.667	776.8	491.6	1596
3440.000	772.2	492.7	641
3443.333	773.8	494.9	751
3446.667	794.9	494.9	1326
3450.000	775.9	536.0	2075
3453.333	763.8	481.9	1230
3456.667	774.7	525.7	47
3460.000	776.6	540.8	843
3463.333	798.5	503.9	1331
3466.667	776.8	496.0	993
3470.000	783.4	523.6	1152
3473.333	782.2	531.8	1265
3476.667	789.1	553.2	1502
3480.000	777.6	531.7	1247
3483.333	770.7	500.4	1689
3486.667	770.5	555.3	3330
3490.000	771.1	496.9	1103
3493.333	789.7	509.3	832
3496.667	786.6	465.8	967
3500.000	764.7	536.0	2061
3503.333	794.1	531.1	2972
3506.667	782.2	547.1	2809
3510.000	785.1	513.0	613
3513.333	790.1	566.5	1654
3516.667	783.6	538.3	3390
3520.000	787.6	519.9	4102
3523.333	781.4	490.3	2944
3526.667	771.3	473.3	2178
3530.000	769.2	466.9	1574
3533.333	797.0	538.4	1817
3536.667	756.7	470.7	2715
3540.000	747.1	504.3	5649
3543.333	748.8	448.5	8113
3546.667	746.1	433.1	5612
3550.000	727.3	387.2	5076
3553.333	697.9	395.2	2836
3556.667	697.2	420.3	1433
3560.000	713.9	401.8	500
3563.333	710.4	404.6	1216
3566.667	718.1	390.4	1345
3570.000	715.4	410.0	459
3573.333	721.9	401.5	507
3576.667	731.9	420.4	379
3580.000	709.2	396.6	1361
3583.333	725.2	390.5	560
3586.667	727.1	401.8	663
3590.000	730.2	380.6	828
3593.333	720.0	409.2	819
3596.667	727.5	395.2	940
3600.000	724.8	412.1	1436
3603.333	715.6	401.2	463
3606.667	730.0	415.8	485
3610.000	718.1	417.9	477
3613.333	711.9	385.9	884
3616.667	720.4	409.8	1369
3620.000	713.1	419.5	324
3623.333	711.6	378.1	1145
3626.667	721.3	390.4	576
3630.000	719.6	416.6	748
3633.333	716.2	426.1	1592
3636.667	711.0	409.9	1076
3640.000	716.7	409.6	376
3643.333	721.5	416.9	595
3646.667	721.9	429.1	518
3650.000	720.6	420.4	1128
3653.333	726.5	411.7	1494
3656.667	702.9	391.3	1182
3660.000	718.5	398.6	693
3663.333	715.6	402.6	827
3666.667	710.4	413.0	928
3670.000	705.6	414.3	319
3673.333	711.9	412.1	332
3676.667	727.7	401.7	94
3680.000	700.6	396.0	769
3683.333	710.4	408.8	641
3686.667	710.4	419.1	725
3690.000	704.8	429.9	811
3693.333	717.9	404.6	457
3696.667	707.3	408.8	516
3700.000	718.7	418.1	770
3703.333	717.1	410.9	291
3706.667	717.7	424.2	449
3710.000	725.4	412.6	355
3713.333	711.6	407.3	877
3716.667	712.7	429.0	580
3720.000	715.2	404.6	357
3723.333	738.2	395.9	437
3726.667	711.9	418.6	66
3730.000	718.7	405.1	525
3733.333	718.1	408.7	1062
3736.667	716.7	421.2	1340
3740.000	727.1	407.4	811
3743.333	718.1	429.3	684
3746.667	718.7	443.6	1577
3750.000	703.5	399.9	1775
3753.333	710.2	402.3	1290
3756.667	702.5	395.8	792
3760.000	697.7	408.2	875
3763.333	728.3	414.3	1040
3766.667	716.2	409.4	1186
3770.000	713.9	403.7	1037
3773.333	723.8	414.0	388
3776.667	722.5	412.9	399
3780.000	728.4	420.9	264
3783.333	707.5	410.8	85
3786.667	721.9	414.4	308
3790.000	728.1	402.0	551
3793.333	721.9	420.8	837
3796.667	725.8	408.2	49
3800.000	732.3	426.6	28
3803.333	720.6	418.2	498
3806.667	723.3	400.1	1073
3810.000	728.1	412.7	992
3813.333	711.6	416.7	962
3816.667	705.4	406.2	705
3820.000	716.0	423.5	409
3823.333	706.8	419.1	844
3826.667	722.5	410.8	368
3830.000	707.9	415.0	116
3833.333	726.1	396.3	628
3836.667	709.4	428.1	857
3840.000	714.4	419.0	787
3843.333	729.8	416.4	927
3846.667	720.6	427.5	424
3850.000	714.4	420.7	213
3853.333	724.4	427.0	145
3856.667	720.8	418.4	326
3860.000	720.8	424.3	158
3863.333	727.1	423.8	988
3866.667	723.5	425.5	772
3870.000	709.1	416.9	658
3873.333	709.6	405.9	246
3876.667	719.4	414.1	518
3880.000	720.0	419.8	807
3883.333	729.0	435.6	587
3886.667	721.9	413.6	171
3890.000	718.5	418.6	336
3893.333	718.1	421.1	622
3896.667	720.8	414.8	336
3900.000	734.0	423.6	567
3903.333	727.1	412.1	689
3906.667	715.0	426.7	443
3910.000	735.9	414.0	510
3913.333	735.4	424.7	1009
3916.667	723.6	425.5	2284
3920.000	713.9	413.0	3418
3923.333	704.8	401.7	4946
3926.667	693.5	387.7	5095
3930.000	719.6	352.9	4884
3933.333	710.6	331.5	4503
3936.667	703.3	338.6	3096
3940.000	708.7	321.8	2091
3943.333	697.2	310.3	1016
3946.667	700.2	323.5	1268
3950.000	692.5	313.5	1072
3953.333	699.5	324.1	667
3956.667	692.0	301.4	787
3960.000	688.5	304.2	609
3963.333	688.1	315.3	971
3966.667	699.6	305.5	1264
3970.000	705.8	306.7	970
3973.333	712.1	304.1	375
3976.667	706.6	319.7	741
3980.000	701.4	308.9	358
3983.333	697.2	314.0	807
3986.667	710.0	322.2	940
3990.000	699.3	295.3	303
3993.333	692.7	302.8	426
3996.667	691.0	309.2	233
4000.000	705.6	310.9	1094
4003.333	693.1	307.8	746
4006.667	702.7	312.6	268
4010.000	704.8	320.8	550
4013.333	699.5	312.3	550
4016.667	687.2	311.3	550
4020.000	700.6	294.8	550
