time	x	y	v
0.000	958.3	450.8	191
3.333	922.4	449.2	191
6.667	947.9	448.8	191
10.000	938.3	445.1	191
13.333	949.2	462.5	646
16.667	944.3	446.0	395
20.000	942.3	442.5	241
23.333	943.3	459.0	529
26.667	937.3	438.5	550
30.000	952.9	452.7	594
33.333	929.1	455.8	1486
36.667	959.2	453.6	1585
40.000	952.9	441.7	1043
43.333	976.3	448.3	1341
46.667	960.6	430.5	2022
50.000	934.1	439.9	2363
53.333	920.4	433.7	1531
56.667	937.2	436.9	790
60.000	918.9	445.9	1206
63.333	955.6	442.6	1705
66.667	948.1	449.2	1508
70.000	937.2	453.1	1084
73.333	945.6	461.8	214
76.667	959.8	454.8	404
80.000	948.9	444.4	481
83.333	950.0	451.3	768
86.667	951.0	455.3	239
90.000	929.5	445.5	396
93.333	946.0	450.0	936
96.667	969.6	445.6	853
100.000	939.5	437.8	701
103.333	953.3	435.2	973
106.667	939.3	439.8	1073
110.000	961.2	457.2	648
113.333	976.9	458.5	1024
116.667	929.9	455.7	965
120.000	937.9	437.6	501
123.333	935.0	449.1	599
126.667	939.6	452.7	1641
130.000	987.3	447.9	911
133.333	947.9	442.8	503
136.667	954.8	466.9	88
140.000	942.1	449.0	737
143.333	955.6	456.0	279
146.667	960.0	445.7	460
150.000	956.9	456.0	500
153.333	949.1	452.8	1287
156.667	940.0	453.8	1060
160.000	958.3	463.4	765
163.333	925.2	459.9	613
166.667	948.7	454.6	233
170.000	939.8	461.2	685
173.333	941.2	466.3	776
176.667	947.1	444.2	526
180.000	933.3	453.0	974
183.333	956.0	459.0	1140
186.667	927.7	470.7	381
190.000	918.3	440.6	1218
193.333	927.6	455.4	2597
196.667	953.5	442.4	2668
200.000	966.3	447.8	2588
203.333	975.6	416.4	1520
206.667	944.3	441.2	1403
210.000	980.4	458.1	1316
213.333	963.6	454.8	1950
216.667	959.0	467.1	548
220.000	961.3	449.3	1359
223.333	971.5	468.7	1171
226.667	936.8	445.5	951
230.000	953.5	452.1	830
233.333	945.8	445.1	532
236.667	965.0	447.8	1388
240.000	939.3	452.5	863
243.333	979.8	456.3	627
246.667	956.7	465.0	472
250.000	946.0	462.3	746
253.333	955.4	450.5	963
256.667	976.7	456.6	1538
260.000	962.7	467.2	1076
263.333	995.5	457.4	660
266.667	966.9	477.1	1106
270.000	948.9	473.3	1081
273.333	956.7	449.2	1338
276.667	967.3	444.7	615
280.000	954.6	470.3	107
283.333	958.3	457.7	847
286.667	978.4	471.9	633
290.000	934.1	454.1	907
293.333	948.3	455.9	939
296.667	962.3	446.1	815
300.000	957.3	455.5	779
303.333	939.6	453.6	658
306.667	952.3	456.0	627
310.000	962.3	458.0	403
313.333	961.0	465.0	728
316.667	964.0	453.9	1177
320.000	950.2	455.9	1187
323.333	962.1	448.3	928
326.667	953.9	429.0	961
330.000	974.0	447.6	902
333.333	953.7	449.4	905
336.667	927.9	456.6	1306
340.000	946.2	451.5	872
343.333	960.6	447.8	1119
346.667	932.0	451.3	1344
350.000	956.0	465.6	808
353.333	965.2	467.2	415
356.667	947.7	468.4	865
360.000	968.4	436.8	420
363.333	946.0	467.4	446
366.667	964.4	461.4	787
370.000	969.8	472.7	1486
373.333	938.3	459.3	1176
376.667	949.8	473.9	1201
380.000	933.9	455.0	1770
383.333	957.9	437.9	819
386.667	957.9	452.2	256
390.000	946.6	434.9	661
393.333	940.0	461.9	1414
396.667	951.7	462.7	866
400.000	947.3	455.5	1017
403.333	934.5	459.8	797
406.667	949.6	460.8	1007
410.000	971.5	455.2	877
413.333	950.2	470.8	506
416.667	941.2	485.1	238
420.000	965.0	451.0	217
423.333	949.4	460.7	907
426.667	953.9	468.6	1182
430.000	972.1	461.3	296
433.333	950.8	458.7	544
436.667	974.8	461.2	365
440.000	956.9	458.9	1218
443.333	963.1	470.7	1138
446.667	966.5	469.6	1203
450.000	937.9	476.8	297
453.333	941.4	462.1	571
456.667	956.4	461.3	612
460.000	961.2	470.9	901
463.333	947.9	462.5	947
466.667	964.2	491.8	767
470.000	953.5	454.9	785
473.333	970.8	451.9	787
476.667	959.8	455.7	911
480.000	959.4	465.8	749
483.333	953.3	455.4	1261
486.667	955.2	461.6	45
490.000	957.9	470.3	889
493.333	954.6	477.9	1087
496.667	960.2	442.0	372
500.000	982.3	473.9	516
503.333	965.2	470.8	1215
506.667	947.3	472.4	418
510.000	947.5	455.9	2071
513.333	938.3	459.1	4687
516.667	984.0	450.6	7364
520.000	999.7	433.3	8541
523.333	1047.4	431.1	8125
526.667	1062.1	389.1	6651
530.000	1057.2	350.6	5805
533.333	1039.5	354.1	5292
536.667	1054.5	349.2	3717
540.000	1041.4	323.2	3943
543.333	1035.8	313.0	5906
546.667	1035.6	316.0	6076
550.000	1034.1	269.6	5261
553.333	1019.7	229.3	4180
556.667	1012.2	246.1	3068
560.000	1033.9	235.5	744
563.333	1023.2	246.1	2110
566.667	1026.8	234.8	1671
570.000	1048.7	263.1	1345
573.333	1052.2	255.0	975
576.667	1040.4	245.2	221
580.000	1055.8	229.7	435
583.333	1036.0	262.8	503
586.667	1036.0	250.0	1228
590.000	1051.0	251.3	1292
593.333	1040.1	254.6	1881
596.667	1059.5	268.2	1743
600.000	1048.5	263.6	612
603.333	1083.3	252.4	598
606.667	1057.0	276.2	992
610.000	1044.5	256.4	690
613.333	1061.2	270.5	1106
616.667	1033.7	268.6	321
620.000	1058.9	257.7	742
623.333	1052.9	271.5	751
626.667	1042.4	268.2	813
630.000	1054.7	279.7	154
633.333	1032.2	270.8	495
636.667	1051.8	282.4	508
640.000	1060.8	253.8	774
643.333	1055.8	274.2	831
646.667	1047.7	275.5	987
650.000	1061.8	264.3	867
653.333	1047.7	256.9	762
656.667	1050.0	254.1	356
660.000	1038.7	265.9	190
663.333	1047.2	269.2	1061
666.667	1054.1	260.2	1235
670.000	1063.9	259.5	1177
673.333	1039.3	287.7	1120
676.667	1044.3	281.2	934
680.000	1033.2	283.2	456
683.333	1049.1	276.2	1107
686.667	1043.5	269.0	1083
690.000	1045.4	275.8	1029
693.333	1049.9	264.9	832
696.667	1035.8	259.8	757
700.000	1026.2	266.4	650
703.333	1038.0	284.4	1294
706.667	1048.1	284.9	1269
710.000	1055.4	272.2	764
713.333	1058.9	278.1	802
716.667	1047.7	256.3	1248
720.000	1039.3	282.1	713
723.333	1040.8	267.2	120
726.667	1028.9	271.1	790
730.000	1057.0	265.4	1214
733.333	1053.5	278.3	1350
736.667	1057.3	261.8	1153
740.000	1049.5	259.5	1108
743.333	1063.7	255.6	702
746.667	1033.2	248.7	325
750.000	1051.2	257.3	597
753.333	1054.8	264.7	943
756.667	1064.6	265.4	1190
760.000	1043.1	266.2	1081
763.333	1050.6	270.5	254
766.667	1056.4	271.2	381
770.000	1045.1	283.4	495
773.333	1071.0	253.6	368
776.667	1050.2	281.1	680
780.000	1053.9	266.1	1030
783.333	1059.6	267.7	1192
786.667	1036.6	263.3	89
790.000	1036.6	266.2	471
793.333	1055.0	285.1	861
796.667	1054.7	267.7	447
800.000	1039.1	267.3	1169
803.333	1027.0	274.3	1291
806.667	1045.4	277.5	1075
810.000	1040.3	234.8	1136
813.333	1054.3	264.4	1001
816.667	1060.6	256.4	264
820.000	1033.7	254.4	1660
823.333	1043.1	255.2	1298
826.667	1042.4	265.4	1814
830.000	1044.7	285.3	1645
833.333	1033.3	269.9	1433
836.667	1058.7	292.5	794
840.000	1053.1	271.7	891
843.333	1042.2	291.8	389
846.667	1062.0	257.5	1891
850.000	1049.3	272.9	1051
853.333	1037.8	275.6	1217
856.667	1033.2	247.8	937
860.000	1051.2	266.5	1013
863.333	1034.9	261.9	1637
866.667	1038.0	266.8	1859
870.000	1018.2	265.8	2607
873.333	1001.3	261.3	2166
876.667	1015.1	260.4	1524
880.000	995.9	261.3	1003
883.333	1000.1	245.7	288
886.667	1009.3	259.0	878
890.000	996.3	249.6	1623
893.333	1018.0	271.6	1325
896.667	1025.7	265.2	893
900.000	1022.2	264.4	703
903.333	1015.7	260.3	799
906.667	1012.4	275.9	717
910.000	999.0	269.8	196
913.333	1023.7	245.2	145
916.667	1013.2	260.5	736
920.000	1015.1	271.0	981
923.333	1004.7	267.6	1704
926.667	1006.7	291.2	1310
930.000	1005.3	266.2	1104
933.333	996.7	274.3	560
936.667	1012.8	297.5	1072
940.000	985.3	276.9	135
943.333	999.7	261.7	954
946.667	996.5	265.0	1321
950.000	1010.7	280.3	908
953.333	1008.4	263.6	642
956.667	1011.6	263.2	104
960.000	996.9	260.6	479
963.333	1004.9	289.4	1008
966.667	1007.2	260.9	1149
970.000	1010.3	287.8	943
973.333	1027.0	270.2	586
976.667	1018.4	278.7	732
980.000	1010.5	267.7	1350
983.333	1007.0	271.1	1426
986.667	1019.7	250.7	912
990.000	990.5	272.5	475
993.333	1002.4	261.0	620
996.667	1000.9	281.9	570
1000.000	1021.2	271.8	288
1003.333	1011.8	270.8	681
1006.667	988.8	262.5	610
1010.000	1004.5	272.6	230
1013.333	989.8	268.1	782
1016.667	1007.8	274.4	1681
1020.000	1018.9	262.1	1147
1023.333	1013.8	278.1	385
1026.667	1023.0	245.7	909
1030.000	1009.3	265.4	1562
1033.333	998.4	274.9	940
1036.667	998.4	284.1	1376
1040.000	1002.8	282.5	285
1043.333	1018.0	273.6	596
1046.667	1008.4	279.8	1136
1050.000	998.6	274.1	569
1053.333	1009.0	268.8	574
1056.667	1020.1	263.5	610
1060.000	1011.8	278.7	1047
1063.333	1018.8	263.2	999
1066.667	1010.3	274.1	689
1070.000	1017.0	297.2	509
1073.333	995.3	274.4	505
1076.667	1016.8	270.5	1145
1080.000	1006.7	284.7	877
1083.333	1006.8	271.3	73
1086.667	999.6	255.1	816
1090.000	1008.4	284.1	619
1093.333	1001.5	273.9	361
1096.667	998.0	260.4	494
1100.000	996.3	274.4	788
1103.333	1005.7	275.3	128
1106.667	990.0	268.8	370
1110.000	998.6	263.1	982
1113.333	1001.9	270.2	1109
1116.667	985.3	269.4	311
1120.000	991.5	251.0	797
1123.333	998.0	252.4	815
1126.667	999.9	274.9	1406
1130.000	1006.3	288.0	1473
1133.333	1007.4	261.8	591
1136.667	1002.4	281.7	1007
1140.000	1013.0	272.9	1371
1143.333	998.6	272.4	898
1146.667	1020.1	255.2	647
1150.000	1018.4	257.5	33
1153.333	1002.4	257.0	717
1156.667	1007.2	277.6	1208
1160.000	1013.6	269.8	737
1163.333	1015.9	276.3	537
1166.667	1001.7	272.3	1028
1170.000	1004.7	267.7	720
1173.333	994.9	273.1	504
1176.667	992.6	287.1	1595
1180.000	1018.6	243.9	1863
1183.333	1022.4	281.2	973
1186.667	1025.1	297.6	1211
1190.000	1010.5	298.9	1386
1193.333	1009.0	258.6	982
1196.667	1020.9	304.6	872
1200.000	1018.2	283.9	653
1203.333	994.4	279.5	153
1206.667	1018.2	279.3	747
1210.000	1018.2	273.8	553
1213.333	1013.4	284.6	728
1216.667	1026.0	285.0	590
1220.000	1015.7	276.0	841
1223.333	1012.2	290.5	630
1226.667	1005.9	261.1	1236
1230.000	1012.2	266.5	574
1233.333	1014.0	286.3	597
1236.667	991.1	272.9	932
1240.000	1017.2	264.5	575
1243.333	998.6	273.0	62
1246.667	1016.1	293.0	273
1250.000	1008.2	279.9	692
1253.333	1001.5	273.3	1236
1256.667	996.7	273.0	1537
1260.000	1009.2	254.9	1102
1263.333	1012.2	262.7	643
1266.667	991.9	266.8	1060
1270.000	1006.8	253.6	1855
1273.333	988.6	266.2	1062
1276.667	979.2	269.1	908
1280.000	979.2	273.5	1597
1283.333	1001.5	269.9	1766
1286.667	1017.4	274.5	2221
1290.000	1019.9	277.7	1301
1293.333	1001.9	274.2	799
1296.667	1026.6	273.7	495
1300.000	1008.0	268.4	463
1303.333	1028.5	266.0	627
1306.667	1015.7	270.1	644
1310.000	995.7	281.4	403
1313.333	1000.7	271.8	336
1316.667	1026.0	277.8	745
1320.000	1018.9	248.2	892
1323.333	1007.2	276.6	876
1326.667	1017.6	264.2	892
1330.000	1018.4	289.3	1757
1333.333	1033.3	255.7	1781
1336.667	1040.4	267.1	1312
1340.000	1044.9	269.5	759
1343.333	1028.0	250.0	742
1346.667	1047.7	279.8	992
1350.000	1036.0	274.1	1579
1353.333	1015.7	259.7	746
1356.667	1026.6	261.4	1358
1360.000	1008.4	258.4	431
1363.333	1034.5	264.4	422
1366.667	1027.2	252.0	456
1370.000	1013.0	274.1	653
1373.333	1012.8	265.2	983
1376.667	1034.9	267.2	614
1380.000	1022.0	270.3	828
1383.333	1007.0	273.9	1131
1386.667	1020.3	267.8	1715
1390.000	1004.2	248.0	1311
1393.333	1002.0	263.8	1329
1396.667	1012.0	241.8	710
1400.000	1032.2	252.9	1035
1403.333	1020.9	252.5	282
1406.667	1021.1	266.1	1232
1410.000	1017.8	256.4	1339
1413.333	1010.7	249.8	1114
1416.667	995.7	264.2	949
1420.000	1012.8	263.5	874
1423.333	1013.0	279.4	479
1426.667	1006.7	270.4	1439
1430.000	1013.0	264.7	235
1433.333	1014.1	254.6	516
1436.667	1034.7	254.7	535
1440.000	996.1	278.0	585
1443.333	1024.3	266.5	625
1446.667	1021.1	256.6	576
1450.000	1025.5	247.3	1310
1453.333	1026.8	254.0	928
1456.667	1016.3	259.3	294
1460.000	1013.8	245.5	772
1463.333	1004.4	262.5	778
1466.667	1039.5	258.4	952
1470.000	1044.1	249.8	308
1473.333	1023.6	252.1	644
1476.667	1023.9	248.1	1467
1480.000	1014.9	260.8	1387
1483.333	1014.5	246.2	1042
1486.667	1021.4	278.6	572
1490.000	1009.0	249.7	373
1493.333	1013.6	272.2	147
1496.667	1017.8	254.8	1494
1500.000	1021.4	267.2	1044
1503.333	1014.9	249.0	958
1506.667	1020.3	234.6	305
1510.000	1013.8	245.3	236
1513.333	1005.9	261.6	758
1516.667	1021.4	253.5	772
1520.000	1023.6	248.1	611
1523.333	1016.1	214.5	658
1526.667	1003.0	237.7	346
1530.000	1029.7	259.6	198
1533.333	1021.8	246.6	989
1536.667	1013.2	249.0	669
1540.000	1024.3	225.5	932
1543.333	1013.0	256.4	398
1546.667	1026.6	230.9	911
1550.000	1023.6	238.8	901
1553.333	1020.9	262.0	197
1556.667	1036.4	244.9	1119
1560.000	1024.7	247.0	746
1563.333	1010.1	237.5	869
1566.667	1005.1	255.7	1456
1570.000	1022.4	256.5	1354
1573.333	1010.1	256.1	1217
1576.667	1013.8	267.9	468
1580.000	1007.6	266.7	117
1583.333	1008.8	264.2	427
1586.667	1023.0	259.3	229
1590.000	1018.6	257.6	220
1593.333	1013.6	259.3	641
1596.667	1008.0	268.1	83
1600.000	1016.1	259.2	144
1603.333	1031.0	246.7	445
1606.667	1011.3	267.0	299
1610.000	1016.4	261.6	603
1613.333	1022.4	256.0	903
1616.667	1012.8	256.9	691
1620.000	1005.9	253.9	546
1623.333	1007.8	259.0	279
1626.667	1009.9	252.0	804
1630.000	1011.5	255.5	890
1633.333	1018.2	265.4	114
1636.667	1027.8	256.1	197
1640.000	1016.6	258.3	676
1643.333	997.1	258.0	849
1646.667	1024.9	248.9	843
1650.000	1011.5	245.6	1325
1653.333	1011.8	253.4	943
1656.667	1017.4	238.8	398
1660.000	1041.8	246.9	641
1663.333	1011.3	251.3	647
1666.667	1012.6	259.4	1127
1670.000	1014.5	257.3	1040
1673.333	1003.4	238.0	428
1676.667	1010.3	257.9	72
1680.000	1013.2	250.8	261
1683.333	1002.0	265.4	512
1686.667	1019.9	250.0	239
1690.000	1014.1	244.8	358
1693.333	1006.8	260.6	270
1696.667	1017.6	260.4	339
1700.000	1012.8	260.2	674
1703.333	1013.0	257.5	1079
1706.667	1013.6	232.5	1132
1710.000	990.5	260.9	337
1713.333	1005.3	242.0	195
1716.667	1004.9	246.7	729
1720.000	1013.0	257.4	1036
1723.333	1014.5	246.9	256
1726.667	1010.1	253.7	546
1730.000	1012.0	237.0	1066
1733.333	996.9	256.2	828
1736.667	999.6	251.5	217
1740.000	994.4	256.6	124
1743.333	1003.6	237.3	513
1746.667	1010.5	256.3	856
1750.000	1001.9	245.5	649
1753.333	1003.4	268.9	1152
1756.667	1008.0	263.3	288
1760.000	1007.2	250.1	466
1763.333	999.0	271.0	643
1766.667	1004.4	251.4	208
1770.000	994.2	265.0	520
1773.333	1009.0	247.9	898
1776.667	1005.7	260.9	667
1780.000	1016.8	253.8	1164
1783.333	1005.9	250.3	222
1786.667	1009.5	245.6	84
1790.000	1020.1	245.3	162
1793.333	999.4	254.6	444
1796.667	1012.8	259.5	446
1800.000	1011.1	246.9	520
1803.333	1010.7	258.1	566
1806.667	1021.6	249.5	175
1810.000	1020.7	255.9	453
1813.333	1007.0	262.4	107
1816.667	1009.7	254.8	404
1820.000	1020.1	258.4	536
1823.333	1016.4	255.6	296
1826.667	1012.0	260.6	615
1830.000	1001.7	266.7	435
1833.333	1012.2	245.1	683
1836.667	1001.1	256.5	659
1840.000	1027.0	249.9	605
1843.333	1011.6	245.5	436
1846.667	1009.0	254.4	181
1850.000	1019.1	264.0	914
1853.333	1011.6	251.0	371
1856.667	1004.0	246.8	408
1860.000	1004.7	260.5	631
1863.333	1023.7	257.9	712
1866.667	1020.3	259.2	356
1870.000	1023.2	244.0	349
1873.333	1015.7	255.9	804
1876.667	1007.8	252.8	775
1880.000	1012.4	255.1	776
1883.333	1009.3	254.2	293
1886.667	1007.4	245.9	887
1890.000	1007.0	261.8	928
1893.333	1014.9	261.6	257
1896.667	1015.3	272.3	837
1900.000	1011.8	266.1	2286
1903.333	1005.5	245.1	809
1906.667	998.2	232.1	6015
1910.000	994.9	224.5	14546
1913.333	1010.7	316.3	NaN
1916.667	1018.4	432.8	NaN
1920.000	1006.5	565.4	NaN
1923.333	NaN	NaN	NaN
1926.667	NaN	NaN	NaN
1930.000	NaN	NaN	NaN
1933.333	NaN	NaN	NaN
1936.667	NaN	NaN	NaN
1940.000	NaN	NaN	NaN
1943.333	NaN	NaN	NaN
1946.667	NaN	NaN	NaN
1950.000	NaN	NaN	NaN
1953.333	NaN	NaN	NaN
1956.667	NaN	NaN	NaN
1960.000	NaN	NaN	NaN
1963.333	NaN	NaN	NaN
1966.667	NaN	NaN	NaN
1970.000	NaN	NaN	NaN
1973.333	NaN	NaN	NaN
1976.667	NaN	NaN	NaN
1980.000	NaN	NaN	NaN
1983.333	NaN	NaN	NaN
1986.667	NaN	NaN	NaN
1990.000	NaN	NaN	NaN
1993.333	NaN	NaN	NaN
1996.667	NaN	NaN	NaN
2000.000	NaN	NaN	NaN
2003.333	NaN	NaN	NaN
2006.667	NaN	NaN	NaN
2010.000	NaN	NaN	NaN
2013.333	NaN	NaN	NaN
2016.667	NaN	NaN	NaN
2020.000	NaN	NaN	NaN
2023.333	NaN	NaN	NaN
2026.667	NaN	NaN	NaN
2030.000	NaN	NaN	NaN
2033.333	NaN	NaN	NaN
2036.667	NaN	NaN	NaN
2040.000	NaN	NaN	NaN
2043.333	NaN	NaN	NaN
2046.667	NaN	NaN	NaN
2050.000	NaN	NaN	NaN
2053.333	NaN	NaN	NaN
2056.667	NaN	NaN	NaN
2060.000	NaN	NaN	NaN
2063.333	NaN	NaN	NaN
2066.667	NaN	NaN	NaN
2070.000	NaN	NaN	NaN
2073.333	NaN	NaN	NaN
2076.667	NaN	NaN	NaN
2080.000	NaN	NaN	NaN
2083.333	NaN	NaN	NaN
2086.667	NaN	NaN	NaN
2090.000	NaN	NaN	NaN
2093.333	NaN	NaN	NaN
2096.667	NaN	NaN	NaN
2100.000	NaN	NaN	NaN
2103.333	NaN	NaN	NaN
2106.667	NaN	NaN	NaN
2110.000	NaN	NaN	NaN
2113.333	NaN	NaN	NaN
2116.667	NaN	NaN	NaN
2120.000	NaN	NaN	NaN
2123.333	NaN	NaN	NaN
2126.667	NaN	NaN	NaN
2130.000	NaN	NaN	NaN
2133.333	NaN	NaN	NaN
2136.667	NaN	NaN	NaN
2140.000	NaN	NaN	NaN
2143.333	NaN	NaN	NaN
2146.667	NaN	NaN	NaN
2150.000	NaN	NaN	NaN
2153.333	NaN	NaN	NaN
2156.667	NaN	NaN	NaN
2160.000	NaN	NaN	NaN
2163.333	NaN	NaN	NaN
2166.667	NaN	NaN	NaN
2170.000	NaN	NaN	NaN
2173.333	NaN	NaN	NaN
2176.667	NaN	NaN	NaN
2180.000	NaN	NaN	NaN
2183.333	NaN	NaN	NaN
2186.667	NaN	NaN	NaN
2190.000	NaN	NaN	NaN
2193.333	NaN	NaN	NaN
2196.667	NaN	NaN	NaN
2200.000	NaN	NaN	NaN
2203.333	1396.6	950.4	NaN
2206.667	1398.9	977.1	NaN
2210.000	1400.1	1083.1	NaN
2213.333	NaN	NaN	NaN
2216.667	1234.4	1097.7	NaN
2220.000	1149.7	1155.6	NaN
2223.333	1171.4	1150.0	NaN
2226.667	1186.6	1148.5	2055
2230.000	1179.1	1154.7	748
2233.333	1167.2	1132.3	644
2236.667	1161.6	1137.3	720
2240.000	1178.5	1152.4	1667
2243.333	1197.1	1139.4	1621
2246.667	1187.7	1137.3	1398
2250.000	1196.2	1121.1	1034
2253.333	1189.8	1135.2	660
2256.667	1195.0	1139.4	590
2260.000	1199.4	1128.1	864
2263.333	1203.8	1124.6	1129
2266.667	1195.8	1129.1	711
2270.000	1214.8	1138.5	427
2273.333	1200.2	1108.3	427
2276.667	1212.7	1144.4	899
2280.000	1202.1	1130.5	622
2283.333	1202.9	1134.8	2990
2286.667	1229.8	1115.9	7476
2290.000	1186.6	1121.4	11668
2293.333	1125.1	1087.0	15810
2296.667	1073.3	1052.9	18297
2300.000	1005.7	1019.1	18125
2303.333	977.9	953.6	15411
2306.667	952.7	909.6	11852
2310.000	924.7	884.2	9086
2313.333	936.6	866.3	9879
2316.667	960.8	854.1	11981
2320.000	939.3	829.8	13571
2323.333	927.9	713.1	14575
2326.667	889.2	668.0	16014
2330.000	876.5	651.0	15452
2333.333	881.1	620.7	12807
2336.667	872.1	537.4	11714
2340.000	880.1	492.3	10370
2343.333	899.7	471.3	8173
2346.667	905.7	467.5	5355
2350.000	924.1	460.9	3998
2353.333	949.1	451.2	3258
2356.667	941.0	455.9	2570
2360.000	954.4	463.9	1869
2363.333	958.8	447.0	593
2366.667	958.7	454.8	705
2370.000	966.1	441.0	802
2373.333	939.1	447.7	321
2376.667	953.9	447.3	106
2380.000	945.2	449.9	905
2383.333	961.9	447.8	1442
2386.667	961.2	452.3	1036
2390.000	971.9	453.7	796
2393.333	965.2	453.8	706
2396.667	963.8	460.9	297
2400.000	947.9	464.8	737
2403.333	975.4	458.9	926
2406.667	969.0	453.3	1093
2410.000	980.4	437.3	1118
2413.333	963.6	449.8	181
2416.667	955.0	444.3	379
2420.000	980.5	445.5	436
2423.333	975.2	456.2	917
2426.667	978.6	441.4	795
2430.000	977.1	440.7	755
2433.333	978.0	455.0	873
2436.667	980.5	439.9	214
2440.000	953.7	452.1	740
2443.333	968.1	434.3	937
2446.667	986.9	443.6	347
2450.000	974.2	427.2	583
2453.333	960.0	439.3	428
2456.667	966.7	443.0	917
2460.000	979.4	438.9	571
2463.333	964.6	439.7	524
2466.667	962.5	450.4	866
2470.000	978.6	437.9	225
2473.333	966.0	453.0	43
2476.667	971.3	461.2	583
2480.000	974.0	430.7	211
2483.333	960.2	444.0	751
2486.667	980.2	437.5	658
2490.000	969.6	459.6	331
2493.333	987.8	446.6	1157
2496.667	967.9	426.9	1090
2500.000	973.2	446.7	1318
2503.333	990.3	422.8	658
2506.667	972.1	428.1	1178
2510.000	975.6	432.4	1784
2513.333	966.1	437.6	1664
2516.667	942.3	440.0	496
2520.000	951.9	436.9	698
2523.333	969.8	440.0	1320
2526.667	987.6	437.1	1554
2530.000	972.5	440.2	574
2533.333	974.4	429.3	338
2536.667	968.4	421.0	268
2540.000	969.6	439.2	232
2543.333	982.3	434.5	473
2546.667	974.4	438.0	605
2550.000	975.0	431.1	542
2553.333	978.4	433.7	413
2556.667	983.4	429.6	278
2560.000	981.3	434.3	145
2563.333	986.5	432.1	453
2566.667	963.5	428.9	867
2570.000	981.5	429.7	1475
2573.333	972.5	430.5	922
2576.667	966.9	420.8	916
2580.000	968.1	480.8	786
2583.333	975.6	426.2	913
2586.667	981.1	440.2	1071
2590.000	987.5	441.1	1848
2593.333	982.5	425.8	937
2596.667	969.6	423.4	1921
2600.000	956.5	432.0	1838
2603.333	970.2	428.5	1043
2606.667	941.6	444.3	157
2610.000	957.5	422.7	652
2613.333	963.6	428.3	793
2616.667	967.9	423.0	1413
2620.000	970.2	435.2	976
2623.333	970.6	425.3	132
2626.667	972.9	427.9	215
2630.000	980.5	426.5	571
2633.333	957.5	431.0	983
2636.667	966.9	428.2	1184
2640.000	965.0	444.6	1003
2643.333	969.2	442.0	348
2646.667	960.2	445.3	32
2650.000	956.7	435.2	219
2653.333	963.8	436.8	320
2656.667	971.5	434.8	717
2660.000	961.9	445.5	670
2663.333	973.1	441.4	693
2666.667	970.2	428.9	730
2670.000	962.1	456.5	968
2673.333	956.5	446.5	805
2676.667	964.2	446.6	544
2680.000	947.5	419.1	987
2683.333	962.5	449.1	515
2686.667	959.0	433.3	368
2690.000	983.6	443.7	977
2693.333	954.6	449.7	1202
2696.667	959.4	418.9	976
2700.000	925.2	449.8	850
2703.333	955.8	443.7	514
2706.667	959.2	444.6	659
2710.000	955.4	440.6	1535
2713.333	961.9	438.3	768
2716.667	952.3	438.8	932
2720.000	974.2	459.5	562
2723.333	966.7	447.6	131
2726.667	975.0	442.5	770
2730.000	957.9	441.9	899
2733.333	959.8	445.5	458
2736.667	943.9	461.6	1019
2740.000	966.5	448.7	3328
2743.333	975.7	451.0	5211
2746.667	976.3	407.7	6985
2750.000	998.8	388.2	7168
2753.333	1007.0	371.4	7726
2756.667	1022.8	348.8	6438
2760.000	1024.9	329.6	5084
2763.333	1023.6	292.6	4325
2766.667	1026.0	298.5	4608
2770.000	1000.1	298.0	4104
2773.333	1002.4	282.5	2443
2776.667	977.7	252.2	2726
2780.000	1003.6	249.0	2549
2783.333	1031.4	266.2	2271
2786.667	1015.1	246.7	2244
2790.000	1017.6	251.1	1338
2793.333	1033.7	249.7	1178
2796.667	1031.4	248.0	1773
2800.000	1038.7	265.1	1498
2803.333	1044.5	270.0	914
2806.667	1033.7	268.7	580
2810.000	1023.7	276.5	788
2813.333	1030.1	256.0	923
2816.667	1036.0	268.1	1156
2820.000	1032.4	250.0	1555
2823.333	1054.5	259.7	1007
2826.667	1042.2	261.6	982
2830.000	1054.1	256.6	1041
2833.333	1045.4	266.2	850
2836.667	1050.8	278.0	418
2840.000	1040.6	267.9	981
2843.333	1037.0	266.1	307
2846.667	1044.3	247.5	97
2850.000	1028.9	273.5	670
2853.333	1049.3	275.9	362
2856.667	1050.0	268.3	464
2860.000	1050.0	263.6	272
2863.333	1020.5	266.9	971
2866.667	1042.0	268.3	684
2870.000	1049.3	272.7	427
2873.333	1041.4	243.3	684
2876.667	1049.7	258.9	227
2880.000	1035.1	264.7	624
2883.333	1046.0	277.0	1024
2886.667	1043.9	264.9	765
2890.000	1051.2	271.5	450
2893.333	1032.6	266.3	1007
2896.667	1025.9	261.5	707
2900.000	1038.5	272.1	652
2903.333	1026.8	273.1	899
2906.667	1042.6	246.5	1041
2910.000	1043.1	260.6	210
2913.333	1047.0	269.1	238
2916.667	1041.8	285.4	774
2920.000	1033.5	255.3	439
2923.333	1038.9	263.7	404
2926.667	1037.6	269.7	550
2930.000	1037.0	264.7	763
2933.333	1061.4	279.0	167
2936.667	1039.5	276.4	609
2940.000	1036.2	264.8	876
2943.333	1040.1	258.0	297
2946.667	1030.3	265.7	665
2950.000	1031.2	272.6	1031
2953.333	1060.4	277.5	736
2956.667	1047.0	264.2	96
2960.000	1045.6	278.0	736
2963.333	1024.1	275.5	922
2966.667	1042.6	262.1	358
2970.000	1029.1	271.5	773
2973.333	1046.8	267.0	549
2976.667	1041.2	262.2	1025
2980.000	1039.5	262.1	1186
2983.333	1034.5	290.4	243
2986.667	1070.2	264.8	350
2990.000	1051.0	274.4	483
2993.333	1030.8	265.5	941
2996.667	1030.8	262.9	1469
3000.000	1040.1	279.1	745
3003.333	1037.0	268.5	774
3006.667	1031.0	269.2	1144
3010.000	1043.7	247.4	503
3013.333	1048.9	283.7	654
3016.667	1057.2	275.8	886
3020.000	1035.8	265.5	1139
3023.333	1045.2	274.2	224
3026.667	1045.6	282.6	447
3030.000	1066.2	280.2	171
3033.333	1033.7	278.9	476
3036.667	1037.8	266.4	996
3040.000	1039.5	272.2	578
3043.333	1044.3	282.9	625
3046.667	1061.8	252.3	370
3050.000	1041.8	274.8	749
3053.333	1042.4	274.8	707
3056.667	1030.8	277.3	426
3060.000	1033.9	278.4	954
3063.333	1047.2	275.1	1827
3066.667	1049.3	257.0	3113
3070.000	1027.0	258.0	3260
3073.333	1012.0	245.2	3411
3076.667	1020.7	213.6	2514
3080.000	1043.1	224.1	2133
3083.333	1033.0	207.7	971
3086.667	1041.4	219.7	706
3090.000	1027.4	215.1	830
3093.333	1023.7	219.8	1191
3096.667	1031.6	235.7	575
3100.000	1028.0	219.0	1242
3103.333	1028.7	236.4	798
3106.667	1034.1	222.9	1008
3110.000	1034.5	249.2	976
3113.333	1021.2	234.3	341
3116.667	1026.4	251.6	993
3120.000	1030.1	235.2	830
3123.333	1027.2	235.4	224
3126.667	1012.4	251.6	662
3130.000	1016.4	232.6	151
3133.333	1027.4	238.7	983
3136.667	1025.5	230.7	1336
3140.000	1029.9	239.8	760
3143.333	1041.6	234.5	204
3146.667	1035.8	243.3	561
3150.000	1028.2	221.7	802
3153.333	1026.0	237.6	712
3156.667	1020.3	248.8	668
3160.000	1023.6	239.5	568
3163.333	1031.4	220.9	212
3166.667	1028.2	223.5	362
3170.000	1014.9	256.2	76
3173.333	1023.0	233.9	448
3176.667	1035.8	235.0	525
3180.000	1024.5	227.6	796
3183.333	1026.8	239.1	569
3186.667	1006.7	246.8	790
3190.000	1030.3	221.5	727
3193.333	1016.4	229.4	1061
3196.667	1022.8	257.1	1042
3200.000	1043.7	232.3	1356
3203.333	1033.0	253.8	891
3206.667	1017.8	248.1	142
3210.000	1029.9	252.2	119
3213.333	1015.1	254.7	473
3216.667	1038.5	243.5	724
3220.000	1037.6	235.3	713
3223.333	1025.1	252.9	469
3226.667	1024.1	234.1	691
3230.000	1035.1	241.6	550
3233.333	1032.2	246.0	286
3236.667	1020.7	228.6	453
3240.000	1033.5	231.0	662
3243.333	1022.2	250.6	122
3246.667	1026.2	245.9	315
3250.000	1018.2	237.5	251
3253.333	1037.4	238.8	502
3256.667	1020.1	237.6	61
3260.000	1026.0	247.9	885
3263.333	1007.2	255.1	331
3266.667	1038.1	232.8	811
3270.000	1046.2	248.6	796
3273.333	1010.3	245.1	773
3276.667	1041.4	233.3	193
3280.000	1034.9	247.6	431
3283.333	1024.7	230.6	564
3286.667	1038.3	243.2	659
3290.000	1031.8	237.4	368
3293.333	1031.4	236.3	319
3296.667	1020.9	237.8	668
3300.000	1042.6	234.0	565
3303.333	1031.8	228.9	1002
3306.667	1017.4	238.0	631
3310.000	1022.0	247.5	954
3313.333	1014.0	247.0	794
3316.667	1030.3	237.7	86
3320.000	1018.4	238.8	524
3323.333	1006.7	243.3	496
3326.667	1028.0	241.6	823
3330.000	1023.2	233.2	1251
3333.333	1028.9	241.5	1077
3336.667	1041.8	230.6	324
3340.000	1033.2	241.7	721
3343.333	1030.5	242.4	707
3346.667	1022.2	245.5	1136
3350.000	1022.6	247.2	495
3353.333	1024.9	237.2	629
3356.667	1020.5	251.5	986
3360.000	1023.6	239.4	1756
3363.333	1017.6	230.0	1968
3366.667	1002.8	236.1	2536
3370.000	996.5	219.9	1643
3373.333	1008.0	212.9	655
3376.667	983.6	215.4	407
3380.000	1006.8	222.4	1433
3383.333	999.6	235.3	1352
3386.667	1013.8	221.6	561
3390.000	1023.6	233.4	693
3393.333	1015.1	222.8	942
3396.667	986.9	210.8	1160
3400.000	1002.8	220.4	886
3403.333	1003.2	219.0	553
3406.667	1000.9	212.8	1235
3410.000	1013.8	213.5	395
3413.333	1014.5	227.7	377
3416.667	1014.0	209.1	404
3420.000	1003.2	220.0	516
3423.333	1004.9	226.9	684
3426.667	1011.6	218.9	829
3430.000	1002.6	213.5	282
3433.333	998.6	220.0	264
3436.667	1004.2	235.4	605
3440.000	1016.4	211.4	553
3443.333	998.6	232.4	676
3446.667	996.9	224.1	446
3450.000	996.5	226.4	543
3453.333	996.9	238.0	1201
3456.667	1006.3	212.1	1014
3460.000	996.5	212.2	1132
3463.333	1022.8	219.5	723
3466.667	1010.7	233.0	647
3470.000	1016.8	224.0	536
3473.333	1005.1	213.0	1226
3476.667	1004.2	230.1	959
3480.000	997.8	222.3	243
3483.333	997.4	225.1	248
3486.667	1012.8	202.4	874
3490.000	1006.7	230.8	543
3493.333	1004.4	214.2	363
3496.667	1009.9	209.8	640
3500.000	1008.4	233.7	290
3503.333	1007.8	218.6	851
3506.667	1014.0	223.7	749
3510.000	1004.5	229.8	326
3513.333	995.9	228.6	385
3516.667	1007.2	229.4	411
3520.000	1006.1	230.0	345
3523.333	1013.8	226.4	603
3526.667	1009.9	237.1	631
3530.000	1002.6	220.4	1102
3533.333	1001.7	213.9	658
3536.667	1010.9	222.7	109
3540.000	1014.1	206.1	995
3543.333	1002.2	226.7	981
3546.667	1002.6	235.5	707
3550.000	1004.2	235.7	469
3553.333	1008.0	225.9	60
3556.667	998.6	221.8	760
3560.000	1004.5	222.9	401
3563.333	1004.0	238.2	328
3566.667	1008.8	211.7	303
3570.000	1003.6	227.3	167
3573.333	995.1	232.2	814
3576.667	1007.0	210.1	818
3580.000	1001.9	234.6	155
3583.333	984.0	219.1	362
3586.667	994.4	219.9	760
3590.000	1007.0	231.7	436
3593.333	999.4	233.8	771
3596.667	993.0	228.6	508
3600.000	1006.3	229.7	487
3603.333	1004.5	216.5	149
3606.667	987.6	245.9	588
3610.000	996.1	230.3	138
3613.333	1004.5	231.9	335
3616.667	1007.0	237.9	754
3620.000	1002.4	222.7	360
3623.333	998.4	236.8	307
3626.667	1009.7	239.5	569
3630.000	1003.6	233.3	548
3633.333	1003.8	238.9	252
3636.667	1011.1	244.7	305
3640.000	1006.3	231.2	282
3643.333	1003.8	233.1	214
3646.667	1006.8	233.0	42
3650.000	999.6	248.7	687
3653.333	1004.7	237.0	526
3656.667	1012.2	235.9	1008
3660.000	1002.2	249.4	1071
3663.333	1003.2	210.1	146
3666.667	1006.1	223.2	628
3670.000	1010.1	234.3	683
3673.333	1007.4	243.0	1485
3676.667	999.6	250.3	736
3680.000	1008.6	236.7	381
3683.333	1008.0	241.8	457
3686.667	1013.2	242.4	696
3690.000	1009.5	227.3	537
3693.333	1002.2	242.6	646
3696.667	996.3	230.8	1843
3700.000	1008.0	232.4	2755
3703.333	999.6	235.5	4391
3706.667	966.5	214.8	5745
3710.000	947.9	229.1	6380
3713.333	914.3	223.1	5733
3716.667	900.3	206.2	3777
3720.000	896.8	210.8	2288
3723.333	886.7	212.5	786
3726.667	896.4	216.4	229
3730.000	895.9	212.0	278
3733.333	897.0	203.8	696
3736.667	898.8	217.9	678
3740.000	879.9	211.1	1115
3743.333	903.4	234.7	1051
3746.667	904.3	218.7	609
3750.000	902.2	228.7	800
3753.333	901.8	223.0	1722
3756.667	903.0	207.6	1237
3760.000	886.5	203.5	522
3763.333	884.0	208.2	152
3766.667	904.7	204.3	1192
3770.000	899.5	226.4	1548
3773.333	893.6	211.7	1014
3776.667	875.3	228.6	1153
3780.000	890.1	235.2	159
3783.333	895.7	217.8	636
3786.667	878.2	221.5	1002
3790.000	898.4	221.6	669
3793.333	901.1	215.0	87
3796.667	896.6	230.8	631
3800.000	897.8	215.4	124
3803.333	884.2	221.4	189
3806.667	904.7	210.1	368
3810.000	903.9	228.5	436
3813.333	894.0	212.4	626
3816.667	899.3	221.1	478
3820.000	896.1	227.4	519
3823.333	903.0	228.0	264
3826.667	898.2	218.8	647
3830.000	906.0	207.0	927
3833.333	894.7	219.0	662
3836.667	892.8	214.6	409
3840.000	890.7	210.7	374
3843.333	905.5	211.5	196
3846.667	901.8	206.1	590
3850.000	896.1	228.3	463
3853.333	894.9	212.0	755
3856.667	908.5	218.1	243
3860.000	889.7	218.7	429
3863.333	889.7	219.3	754
3866.667	906.8	217.3	677
3870.000	903.9	233.7	605
3873.333	915.1	207.6	50
3876.667	907.4	225.6	453
3880.000	891.5	227.2	458
3883.333	900.3	214.9	1123
3886.667	903.4	220.2	766
3890.000	899.9	228.0	306
3893.333	882.2	217.0	411
3896.667	889.9	226.2	779
3900.000	898.9	213.8	1262
3903.333	904.7	207.1	863
3906.667	894.5	210.9	368
3910.000	903.7	202.9	761
3913.333	890.1	211.6	488
3916.667	906.6	224.5	395
3920.000	901.2	225.6	714
3923.333	898.2	205.3	235
3926.667	901.4	214.8	449
3930.000	887.8	226.4	774
3933.333	897.8	208.4	1134
3936.667	904.5	240.5	309
3940.000	899.5	228.3	573
3943.333	902.0	225.9	312
3946.667	892.2	218.1	1300
3950.000	905.7	213.0	1381
3953.333	897.8	220.6	1517
3956.667	897.2	210.2	1467
3960.000	883.4	198.7	1827
3963.333	887.2	198.8	1283
3966.667	876.9	202.7	610
3970.000	884.7	186.6	715
3973.333	884.5	202.9	930
3976.667	891.6	193.3	1155
3980.000	898.8	194.6	908
3983.333	896.1	188.8	971
3986.667	892.4	181.3	526
3990.000	903.2	189.6	241
3993.333	908.4	202.8	880
3996.667	894.0	175.5	937
4000.000	893.6	203.7	676
4003.333	895.9	205.8	370
4006.667	900.7	199.4	370
4010.000	886.7	183.1	370
4013.333	899.3	199.2	370
