time	x	y	v
0.000	994.6	388.9	99
3.333	1003.8	401.3	99
6.667	991.9	386.3	99
10.000	1025.3	381.3	99
13.333	1000.1	407.9	195
16.667	1005.1	386.1	698
20.000	987.8	391.6	858
23.333	1008.6	400.1	820
26.667	993.2	395.9	1208
30.000	1002.0	384.4	1457
33.333	1025.9	409.0	432
36.667	1014.7	398.2	338
40.000	1018.2	387.3	71
43.333	1001.1	402.5	332
46.667	1004.9	384.9	416
50.000	1020.3	396.8	193
53.333	1016.6	407.8	228
56.667	996.9	383.0	731
60.000	1015.7	398.5	1295
63.333	999.0	391.5	443
66.667	1011.8	370.1	67
70.000	1006.1	382.4	141
73.333	1010.3	403.9	785
76.667	997.4	384.4	566
80.000	1020.5	395.0	471
83.333	1012.4	392.5	227
86.667	1008.4	383.5	744
90.000	1008.8	406.5	771
93.333	1003.2	399.1	616
96.667	998.6	397.0	795
100.000	1009.3	396.1	229
103.333	1009.5	405.5	1028
106.667	1010.5	409.4	843
110.000	993.2	397.8	225
113.333	997.2	424.8	572
116.667	1018.0	406.1	547
120.000	1011.1	397.0	611
123.333	998.4	393.4	602
126.667	995.9	437.3	1099
130.000	1015.9	405.0	223
133.333	998.4	394.1	1170
136.667	990.0	389.0	1092
140.000	1009.0	414.8	194
143.333	1017.6	382.9	1514
146.667	997.2	411.7	1240
150.000	1001.7	393.6	255
153.333	1041.6	391.5	341
156.667	1011.5	394.1	820
160.000	995.5	406.6	1431
163.333	1014.0	396.6	2117
166.667	980.4	396.1	167
170.000	997.8	397.3	472
173.333	990.3	400.5	901
176.667	1015.1	398.0	250
180.000	993.2	389.7	511
183.333	984.8	376.9	695
186.667	989.2	405.6	303
190.000	1001.9	386.5	1443
193.333	1018.8	391.2	1698
196.667	995.3	402.7	1043
200.000	1009.3	407.7	882
203.333	1010.1	408.2	338
206.667	1014.1	403.2	768
210.000	1015.1	399.6	988
213.333	1009.2	403.9	1238
216.667	992.4	384.3	1345
220.000	1003.4	399.6	519
223.333	989.0	401.7	340
226.667	993.6	390.5	1077
230.000	1012.8	411.0	222
233.333	1003.2	398.7	369
236.667	980.4	414.9	227
240.000	1004.4	394.7	217
243.333	1003.8	400.4	500
246.667	1001.9	405.5	811
250.000	1003.4	405.1	970
253.333	1002.0	409.6	1066
256.667	1001.3	419.7	851
260.000	997.4	409.4	272
263.333	1002.0	425.6	44
266.667	983.4	408.2	498
270.000	1007.4	406.4	1201
273.333	1001.9	420.0	1364
276.667	999.9	403.9	1161
280.000	1000.9	383.5	1472
283.333	1004.7	402.2	1161
286.667	1009.3	396.0	268
290.000	1028.7	386.6	1148
293.333	998.2	396.3	867
296.667	997.1	408.2	1429
300.000	997.2	412.9	1415
303.333	1002.4	400.8	161
306.667	993.8	410.4	447
310.000	994.6	406.0	508
313.333	1004.0	394.5	195
316.667	990.5	405.6	421
320.000	1008.4	400.6	360
323.333	990.3	412.2	372
326.667	1006.7	398.0	718
330.000	1004.0	402.6	1147
333.333	984.2	399.4	723
336.667	981.7	400.6	384
340.000	998.4	380.8	349
343.333	998.4	402.4	499
346.667	994.0	401.7	209
350.000	988.4	390.2	409
353.333	996.5	402.0	89
356.667	983.2	396.3	801
360.000	1004.9	397.2	1068
363.333	994.0	405.9	1411
366.667	1006.7	408.7	677
370.000	991.3	413.0	769
373.333	1017.2	421.8	456
376.667	989.0	394.0	1402
380.000	981.3	395.9	1328
383.333	1003.8	408.9	1187
386.667	976.5	392.5	913
390.000	978.0	406.4	1427
393.333	989.2	415.2	1512
396.667	999.7	409.4	1735
400.000	1009.2	421.3	1142
403.333	1000.9	427.8	362
406.667	992.1	415.0	957
410.000	1004.0	422.0	1918
413.333	1000.1	401.0	1914
416.667	985.7	402.0	731
420.000	995.7	387.3	625
423.333	998.0	393.8	1078
426.667	998.2	415.7	1100
430.000	981.9	417.6	854
433.333	985.2	410.2	106
436.667	1001.9	412.8	1225
440.000	991.3	402.3	1144
443.333	995.9	401.0	484
446.667	997.4	392.8	469
450.000	993.0	402.1	567
453.333	987.1	405.5	1290
456.667	991.1	409.0	875
460.000	990.0	408.5	399
463.333	1013.4	426.6	124
466.667	972.9	400.8	1337
470.000	994.9	411.8	750
473.333	991.3	402.5	499
476.667	985.3	377.8	596
480.000	994.2	418.6	449
483.333	989.2	417.9	1304
486.667	991.7	400.9	1328
490.000	1003.4	389.8	1699
493.333	1020.7	401.1	413
496.667	1003.8	392.5	775
500.000	984.0	383.4	1071
503.333	990.7	416.2	741
506.667	998.8	409.1	1454
510.000	995.9	396.8	1360
513.333	1008.8	409.2	778
516.667	1030.1	389.6	298
520.000	996.1	408.5	710
523.333	1001.7	406.3	748
526.667	993.0	410.0	1492
530.000	997.6	403.2	340
533.333	1013.0	413.9	407
536.667	978.8	408.1	576
540.000	994.4	408.3	561
543.333	994.8	408.8	245
546.667	983.2	408.2	559
550.000	994.9	409.5	504
553.333	1003.8	405.6	389
556.667	988.6	403.2	1100
560.000	975.9	412.3	709
563.333	998.6	396.5	628
566.667	1016.6	393.1	1461
570.000	994.8	401.4	1266
573.333	1004.5	419.7	504
576.667	1014.9	407.7	542
580.000	1008.4	393.6	473
583.333	1012.0	399.7	1130
586.667	987.1	401.1	1299
590.000	994.8	408.9	947
593.333	990.0	415.0	835
596.667	1003.8	418.3	626
600.000	996.7	401.1	323
603.333	1001.1	422.5	439
606.667	999.9	394.2	973
610.000	994.4	412.9	883
613.333	990.1	408.2	196
616.667	980.2	414.6	665
620.000	991.3	417.3	518
623.333	1005.7	408.1	724
626.667	1007.8	407.7	128
630.000	989.2	409.8	145
633.333	996.9	427.9	632
636.667	985.7	405.8	574
640.000	1008.4	416.7	1328
643.333	990.3	414.7	853
646.667	1014.0	422.4	1072
650.000	1015.9	398.7	602
653.333	1000.7	424.4	745
656.667	1014.5	414.6	969
660.000	1014.3	422.3	659
663.333	1008.8	423.8	191
666.667	991.1	425.8	396
670.000	1018.8	414.5	500
673.333	1009.5	427.8	416
676.667	1015.3	401.8	465
680.000	1003.6	420.8	190
683.333	1010.3	421.8	262
686.667	1012.6	419.3	777
690.000	1022.6	417.6	368
693.333	1007.0	411.6	377
696.667	1023.9	428.2	208
700.000	1007.6	417.1	1062
703.333	1024.7	417.6	887
706.667	1006.3	421.8	1181
710.000	995.1	432.3	509
713.333	999.4	411.0	798
716.667	1003.2	434.3	1249
720.000	1009.2	414.4	1116
723.333	1005.5	401.9	768
726.667	1006.1	403.5	458
730.000	1009.7	419.7	1131
733.333	1004.9	446.6	1350
736.667	998.6	419.8	574
740.000	999.2	419.9	576
743.333	1005.7	432.1	1132
746.667	1001.1	419.1	767
750.000	1020.3	419.3	898
753.333	1014.0	421.5	593
756.667	987.3	399.4	135
760.000	1031.2	426.7	287
763.333	1007.8	419.0	864
766.667	1007.8	417.1	1446
770.000	1010.3	410.4	1080
773.333	1009.5	444.1	195
776.667	1012.4	434.2	371
780.000	997.2	422.1	526
783.333	1011.8	413.4	130
786.667	999.6	424.7	327
790.000	1004.0	440.0	697
793.333	1010.7	437.7	857
796.667	1004.9	425.0	1429
800.000	1010.9	427.6	1447
803.333	1030.1	421.8	828
806.667	1021.8	420.2	375
810.000	1023.4	424.7	648
813.333	1017.2	427.8	1495
816.667	1005.1	435.3	720
820.000	1014.3	429.8	695
823.333	996.7	425.5	1026
826.667	1018.4	416.0	405
830.000	1011.8	418.9	509
833.333	991.9	418.1	519
836.667	1002.4	445.0	615
840.000	1003.8	419.3	911
843.333	1016.6	429.2	1451
846.667	1016.3	427.2	676
850.000	1018.9	414.3	777
853.333	1020.7	425.6	421
856.667	1008.0	434.2	662
860.000	1027.8	430.5	1113
863.333	999.7	418.0	748
866.667	1023.0	443.4	416
870.000	1022.4	442.4	648
873.333	993.0	428.3	686
876.667	1010.7	428.1	1060
880.000	1010.3	428.7	293
883.333	992.1	425.2	1168
886.667	1012.4	433.3	641
890.000	1023.4	435.1	384
893.333	1017.0	437.0	593
896.667	1015.5	416.2	613
900.000	1004.9	431.4	374
903.333	1018.0	430.5	514
906.667	1007.2	424.1	624
910.000	1019.3	432.5	934
913.333	999.9	420.3	1349
916.667	1001.9	412.7	773
920.000	1013.6	415.8	364
923.333	1003.4	403.9	864
926.667	1027.4	425.2	1297
930.000	1008.2	423.9	434
933.333	1003.8	433.4	107
936.667	1031.2	426.4	969
940.000	1002.2	411.6	798
943.333	1011.3	415.3	970
946.667	995.9	434.8	752
950.000	1004.4	407.5	516
953.333	995.5	427.8	475
956.667	1014.9	421.8	709
960.000	1002.2	425.4	25
963.333	1006.3	431.2	1244
966.667	1011.3	408.3	474
970.000	996.3	416.7	736
973.333	1017.2	400.2	244
976.667	1013.6	429.7	709
980.000	1014.0	415.7	714
983.333	1003.2	428.1	1215
986.667	1002.4	417.0	642
990.000	996.1	423.7	242
993.333	1005.9	430.5	604
996.667	1002.0	426.6	258
1000.000	1006.3	410.4	423
1003.333	1008.6	415.6	421
1006.667	997.2	421.7	1201
1010.000	990.3	423.9	1214
1013.333	1013.0	441.1	910
1016.667	1003.0	440.7	868
1020.000	1008.4	424.8	1002
1023.333	998.4	436.2	1061
1026.667	1018.0	430.2	731
1030.000	1016.6	419.1	989
1033.333	989.6	422.6	1563
1036.667	1011.1	425.2	986
1040.000	1034.7	417.1	370
1043.333	1013.8	401.0	888
1046.667	983.4	422.2	410
1050.000	1017.6	438.8	909
1053.333	1029.9	413.1	528
1056.667	1020.9	405.2	1216
1060.000	987.3	409.5	1149
1063.333	1000.1	407.6	1058
1066.667	1018.6	407.5	538
1070.000	1004.9	418.5	798
1073.333	999.6	417.2	451
1076.667	1011.6	413.2	311
1080.000	999.9	423.0	746
1083.333	997.8	405.4	727
1086.667	1016.8	406.9	299
1090.000	1019.9	420.2	634
1093.333	1007.2	405.3	244
1096.667	1007.0	414.7	539
1100.000	1015.3	424.8	384
1103.333	1006.3	402.3	596
1106.667	1007.4	406.8	634
1110.000	1029.1	415.6	1083
1113.333	1006.5	396.0	252
1116.667	1015.5	412.6	578
1120.000	1010.1	387.8	388
1123.333	1016.1	412.6	845
1126.667	1011.8	393.9	543
1130.000	1018.4	407.2	865
1133.333	997.2	423.0	403
1136.667	1014.3	405.2	632
1140.000	1011.1	409.4	149
1143.333	1006.7	397.3	794
1146.667	999.7	417.3	1075
1150.000	1014.9	412.0	287
1153.333	999.7	391.2	698
1156.667	986.9	403.7	506
1160.000	1015.7	416.3	667
1163.333	994.9	419.8	1476
1166.667	1018.0	415.7	1166
1170.000	1003.8	410.7	107
1173.333	1006.7	428.5	1028
1176.667	1021.8	415.9	489
1180.000	1004.5	413.2	418
1183.333	1028.7	411.3	1290
1186.667	988.6	413.3	1180
1190.000	1009.2	410.2	339
1193.333	993.8	402.3	513
1196.667	1012.6	394.8	1453
1200.000	1003.6	431.2	396
1203.333	1004.0	396.1	388
1206.667	1023.9	384.6	851
1210.000	1000.9	413.1	459
1213.333	1003.6	414.0	863
1216.667	989.0	410.4	1175
1220.000	1013.6	399.4	1335
1223.333	992.4	402.0	1271
1226.667	993.6	413.3	101
1230.000	969.6	397.1	1130
1233.333	989.6	397.3	578
1236.667	1010.3	411.3	1207
1240.000	971.7	414.5	1584
1243.333	1007.2	408.0	497
1246.667	996.1	431.0	725
1250.000	1004.0	407.5	804
1253.333	980.7	409.0	715
1256.667	982.8	414.1	766
1260.000	1012.6	402.2	515
1263.333	993.2	405.2	191
1266.667	995.5	411.2	413
1270.000	991.9	393.0	702
1273.333	979.0	414.3	224
1276.667	994.2	415.8	276
1280.000	999.4	406.3	195
1283.333	989.6	407.8	605
1286.667	997.1	409.2	274
1290.000	986.7	402.0	268
1293.333	978.8	404.7	966
1296.667	1004.4	411.6	855
1300.000	990.7	398.5	1433
1303.333	1017.0	404.2	1171
1306.667	999.4	407.4	719
1310.000	997.8	368.8	258
1313.333	998.8	398.8	628
1316.667	996.1	402.8	798
1320.000	1008.6	409.4	187
1323.333	999.6	376.1	719
1326.667	1000.7	374.9	390
1330.000	1001.1	395.0	788
1333.333	1005.5	394.5	1097
1336.667	990.7	416.4	964
1340.000	1005.3	399.3	237
1343.333	1007.6	385.9	556
1346.667	996.3	409.3	700
1350.000	1000.1	388.0	360
1353.333	999.0	393.1	606
1356.667	985.2	401.9	1026
1360.000	1008.6	391.1	545
1363.333	985.7	395.8	243
1366.667	978.6	383.8	348
1370.000	998.0	389.3	597
1373.333	1005.7	398.5	899
1376.667	983.8	388.3	799
1380.000	982.3	390.3	404
1383.333	1015.9	394.6	411
1386.667	999.2	386.4	192
1390.000	1000.7	404.0	766
1393.333	996.7	399.4	494
1396.667	979.8	385.0	308
1400.000	1021.6	373.5	122
1403.333	1002.6	395.2	381
1406.667	994.6	392.8	686
1410.000	997.4	402.6	1382
1413.333	1003.0	373.6	549
1416.667	982.3	400.4	1491
1420.000	995.3	398.2	1468
1423.333	996.7	378.9	979
1426.667	1023.0	361.6	904
1430.000	1008.4	382.5	765
1433.333	997.6	375.8	1102
1436.667	972.1	386.3	1973
1440.000	1006.3	369.1	451
1443.333	988.4	386.1	259
1446.667	973.4	374.5	826
1450.000	1008.4	392.6	645
1453.333	992.3	371.6	727
1456.667	995.9	397.1	107
1460.000	1014.7	366.6	699
1463.333	986.3	397.7	94
1466.667	982.8	370.3	613
1470.000	1018.4	371.5	537
1473.333	990.0	385.3	294
1476.667	994.6	375.6	1346
1480.000	1001.1	391.9	1085
1483.333	990.9	379.5	468
1486.667	968.4	393.0	501
1490.000	1003.4	379.5	429
1493.333	992.8	396.8	378
1496.667	987.3	385.3	991
1500.000	988.6	375.3	303
1503.333	994.6	388.3	1220
1506.667	1000.9	376.5	1545
1510.000	995.9	382.6	756
1513.333	968.3	363.2	731
1516.667	965.6	362.1	1702
1520.000	995.5	400.4	3715
1523.333	986.9	387.0	6013
1526.667	955.4	392.9	9434
1530.000	886.5	387.1	11871
1533.333	847.3	347.8	10928
1536.667	808.9	345.7	8491
1540.000	805.1	311.5	6077
1543.333	803.5	314.2	4856
1546.667	800.1	314.7	5353
1550.000	761.1	316.8	6779
1553.333	734.8	327.3	8211
1556.667	708.1	294.7	8171
1560.000	681.4	292.2	7333
1563.333	651.5	278.6	5756
1566.667	650.3	269.9	3206
1570.000	625.9	272.2	1337
1573.333	628.8	297.1	926
1576.667	652.0	289.2	1134
1580.000	651.3	295.3	889
1583.333	660.5	278.2	820
1586.667	649.9	284.8	776
1590.000	635.5	276.2	1028
1593.333	655.7	289.0	549
1596.667	638.4	309.0	504
1600.000	645.5	299.4	980
1603.333	649.3	268.5	894
1606.667	658.4	279.9	870
1610.000	650.7	273.2	426
1613.333	648.0	291.9	1103
1616.667	661.8	303.4	526
1620.000	653.6	275.1	856
1623.333	656.8	295.1	680
1626.667	644.2	285.1	591
1630.000	645.7	305.5	378
1633.333	645.9	301.0	769
1636.667	655.1	272.8	719
1640.000	642.8	287.8	1361
1643.333	652.2	280.4	514
1646.667	640.5	283.9	611
1650.000	650.3	272.1	430
1653.333	643.2	288.3	154
1656.667	636.5	274.8	522
1660.000	639.7	294.4	446
1663.333	654.7	268.5	203
1666.667	644.4	269.0	571
1670.000	647.0	273.6	1185
1673.333	635.1	303.8	1793
1676.667	639.6	284.4	1211
1680.000	655.9	309.0	746
1683.333	652.2	294.0	1101
1686.667	625.5	290.4	1343
1690.000	626.1	277.1	1359
1693.333	625.3	296.4	616
1696.667	635.9	272.4	896
1700.000	629.0	302.5	614
1703.333	628.2	292.8	499
1706.667	614.0	304.3	487
1710.000	628.6	282.5	1212
1713.333	622.1	280.7	536
1716.667	629.4	279.9	867
1720.000	599.0	292.1	1133
1723.333	622.3	296.1	224
1726.667	631.5	317.8	81
1730.000	630.1	287.2	1257
1733.333	611.5	274.2	304
1736.667	616.5	293.2	536
1740.000	625.0	272.7	737
1743.333	640.5	322.7	938
1746.667	619.6	278.0	687
1750.000	630.1	293.4	576
1753.333	625.7	292.0	869
1756.667	640.3	285.4	1765
1760.000	640.9	294.4	1495
1763.333	644.9	298.7	894
1766.667	648.8	306.4	228
1770.000	653.6	302.6	396
1773.333	639.2	289.0	867
1776.667	644.0	292.4	1016
1780.000	644.2	292.1	970
1783.333	670.3	292.6	1189
1786.667	662.4	294.7	844
1790.000	654.1	315.9	516
1793.333	653.2	297.9	542
1796.667	657.2	303.0	980
1800.000	654.7	300.1	1690
1803.333	657.8	290.2	436
1806.667	636.9	290.6	893
1810.000	642.4	277.5	1063
1813.333	656.4	323.2	548
1816.667	634.6	283.9	313
1820.000	639.9	270.4	1227
1823.333	642.0	306.4	1103
1826.667	635.3	295.4	1243
1830.000	619.6	272.1	1192
1833.333	653.6	291.7	1154
1836.667	656.4	311.9	1198
1840.000	649.7	294.9	1367
1843.333	655.5	287.0	718
1846.667	642.8	306.3	795
1850.000	652.0	305.1	660
1853.333	636.5	291.9	604
1856.667	646.3	293.5	738
1860.000	643.6	310.0	969
1863.333	643.6	301.6	1141
1866.667	637.1	323.7	521
1870.000	652.2	311.4	619
1873.333	621.3	308.3	805
1876.667	644.5	300.0	1122
1880.000	666.4	310.0	718
1883.333	648.6	302.6	289
1886.667	615.7	295.2	758
1890.000	637.4	305.0	638
1893.333	651.8	308.7	867
1896.667	635.1	306.0	1315
1900.000	654.9	321.2	574
1903.333	636.5	308.4	547
1906.667	655.1	298.4	717
1910.000	650.5	319.6	460
1913.333	637.8	323.8	960
1916.667	657.8	316.1	379
1920.000	644.9	321.8	953
1923.333	637.8	323.7	775
1926.667	649.7	293.5	774
1930.000	651.8	307.7	716
1933.333	642.2	314.8	2119
1936.667	652.2	302.2	4459
1940.000	624.2	311.5	6943
1943.333	588.9	316.9	8072
1946.667	560.4	308.4	9343
1950.000	511.5	307.0	8381
1953.333	506.7	296.8	7330
1956.667	466.4	295.4	5317
1960.000	463.5	314.5	2811
1963.333	440.6	308.6	1402
1966.667	457.0	311.4	1055
1970.000	470.0	319.9	1615
1973.333	473.7	310.3	1530
1976.667	478.5	310.4	362
1980.000	479.4	332.1	1490
1983.333	466.2	317.6	1138
1986.667	458.9	294.4	2189
1990.000	446.0	301.4	2408
1993.333	469.1	316.2	1582
1996.667	444.3	277.9	1360
2000.000	460.2	282.9	1580
2003.333	480.2	286.1	1039
2006.667	481.3	316.2	1628
2010.000	475.0	299.4	373
2013.333	473.9	290.2	327
2016.667	487.5	265.5	546
2020.000	462.7	294.7	1768
2023.333	498.4	313.6	1608
2026.667	486.3	303.5	1619
2030.000	486.5	324.2	544
2033.333	498.8	286.4	1521
2036.667	483.1	315.4	1160
2040.000	485.4	295.9	1797
2043.333	457.5	301.2	1317
2046.667	487.7	287.4	1572
2050.000	463.7	288.0	836
2053.333	482.3	278.2	608
2056.667	462.3	287.3	435
2060.000	470.4	286.1	283
2063.333	475.4	284.4	309
2066.667	480.6	300.3	791
2070.000	456.2	266.5	361
2073.333	481.0	296.7	219
2076.667	467.5	310.1	441
2080.000	478.1	281.1	981
2083.333	477.9	277.7	176
2086.667	479.4	292.1	447
2090.000	466.2	308.2	765
2093.333	476.7	291.4	1031
2096.667	482.7	302.3	1132
2100.000	463.9	285.6	1194
2103.333	452.9	272.3	566
2106.667	478.3	285.9	1164
2110.000	482.7	285.6	639
2113.333	489.2	305.9	801
2116.667	492.1	284.5	516
2120.000	433.3	290.6	1041
2123.333	476.0	294.1	395
2126.667	504.0	301.1	1135
2130.000	445.8	285.3	1354
2133.333	485.0	297.5	346
2136.667	466.6	318.1	435
2140.000	484.2	293.4	1518
2143.333	492.9	290.0	1436
2146.667	462.1	291.2	1604
2150.000	491.3	272.4	612
2153.333	497.7	289.8	1374
2156.667	479.8	281.4	1331
2160.000	466.9	312.3	1680
2163.333	452.9	286.3	838
2166.667	471.7	306.4	541
2170.000	476.4	291.8	1136
2173.333	474.6	295.6	523
2176.667	474.6	275.8	1084
2180.000	474.4	296.0	689
2183.333	461.4	285.4	786
2186.667	448.3	306.4	652
2190.000	483.3	296.7	1024
2193.333	474.6	302.5	1117
2196.667	476.9	285.6	1050
2200.000	485.8	287.9	580
2203.333	473.1	305.0	945
2206.667	484.0	307.3	835
2210.000	488.8	301.6	1131
2213.333	459.6	313.7	821
2216.667	465.4	280.2	1347
2220.000	465.6	291.3	1037
2223.333	479.2	301.4	621
2226.667	448.1	303.5	1197
2230.000	461.0	310.6	997
2233.333	469.6	308.7	1095
2236.667	479.0	301.3	1976
2240.000	485.2	305.5	684
2243.333	482.5	305.4	92
2246.667	490.0	304.3	971
2250.000	467.5	311.1	977
2253.333	477.1	300.0	1055
2256.667	460.0	296.0	940
2260.000	474.0	313.1	630
2263.333	462.9	301.9	338
2266.667	464.8	306.9	505
2270.000	466.9	286.6	710
2273.333	485.8	311.0	223
2276.667	462.0	313.6	501
2280.000	472.9	282.4	958
2283.333	461.0	302.5	482
2286.667	457.5	307.0	507
2290.000	459.5	306.4	704
2293.333	478.3	303.0	1435
2296.667	474.6	297.6	1495
2300.000	478.3	291.7	1147
2303.333	482.3	296.2	52
2306.667	487.1	305.1	129
2310.000	484.6	293.4	461
2313.333	468.3	299.8	642
2316.667	476.5	292.7	548
2320.000	477.9	305.6	773
2323.333	482.3	314.1	1155
2326.667	468.9	285.4	2199
2330.000	488.4	319.1	2827
2333.333	491.9	310.7	3151
2336.667	533.6	286.5	2589
2340.000	514.4	275.6	1445
2343.333	524.5	287.5	740
2346.667	512.4	289.2	1625
2350.000	520.7	319.9	1773
2353.333	500.7	306.9	391
2356.667	521.3	300.0	267
2360.000	517.2	316.4	965
2363.333	515.7	286.8	499
2366.667	502.3	305.9	772
2370.000	503.2	301.2	689
2373.333	523.6	295.3	614
2376.667	499.6	298.9	438
2380.000	502.1	301.6	23
2383.333	505.5	305.6	165
2386.667	498.0	310.2	451
2390.000	517.6	289.3	439
2393.333	509.2	302.4	160
2396.667	502.5	296.0	566
2400.000	494.6	298.3	743
2403.333	514.2	306.5	570
2406.667	520.3	291.1	733
2410.000	510.5	316.1	968
2413.333	512.1	285.9	641
2416.667	505.5	282.7	497
2420.000	528.8	300.1	869
2423.333	520.9	294.7	848
2426.667	516.3	287.6	270
2430.000	528.4	302.8	1332
2433.333	524.7	288.1	1508
2436.667	504.0	296.2	2288
2440.000	496.3	305.6	2456
2443.333	498.6	302.0	1455
2446.667	474.8	289.8	299
2450.000	487.3	293.8	541
2453.333	501.5	313.1	60
2456.667	495.4	296.5	773
2460.000	501.5	313.4	528
2463.333	477.5	287.1	509
2466.667	502.1	306.3	838
2470.000	509.2	303.3	723
2473.333	494.4	326.6	543
2476.667	492.1	308.2	512
2480.000	508.4	310.1	635
2483.333	495.4	287.1	1001
2486.667	497.9	309.3	586
2490.000	513.6	303.7	339
2493.333	507.1	309.4	394
2496.667	495.0	319.5	1297
2500.000	495.7	284.7	1568
2503.333	490.8	297.4	1664
2506.667	494.0	288.5	1251
2510.000	494.0	286.3	367
2513.333	492.7	280.9	429
2516.667	486.9	287.8	626
2520.000	487.7	290.8	136
2523.333	494.4	282.3	688
2526.667	505.7	271.3	1311
2530.000	478.8	296.0	941
2533.333	511.9	290.0	644
2536.667	508.8	308.0	718
2540.000	490.9	292.7	790
2543.333	503.2	282.0	564
2546.667	495.9	302.1	300
2550.000	515.7	299.8	312
2553.333	488.4	296.0	123
2556.667	498.4	304.9	382
2560.000	503.0	286.7	470
2563.333	504.8	294.3	1457
2566.667	504.6	298.7	660
2570.000	517.2	298.9	539
2573.333	520.7	295.1	296
2576.667	496.1	282.4	235
2580.000	517.1	305.6	576
2583.333	502.5	304.3	531
2586.667	511.9	297.9	272
2590.000	505.2	281.4	1673
2593.333	513.8	282.0	1215
2596.667	498.4	297.4	460
2600.000	497.1	268.4	421
2603.333	506.9	281.7	320
2606.667	502.1	300.5	426
2610.000	512.4	287.3	321
2613.333	495.6	284.9	157
2616.667	508.2	292.5	218
2620.000	502.7	275.4	605
2623.333	506.7	291.9	613
2626.667	497.3	298.0	726
2630.000	514.2	297.4	507
2633.333	503.0	290.5	60
2636.667	488.3	295.2	379
2640.000	506.3	290.0	944
2643.333	507.5	298.0	1651
2646.667	507.3	307.6	1218
2650.000	510.5	314.0	838
2653.333	499.4	322.2	492
2656.667	500.7	305.2	719
2660.000	495.7	299.5	881
2663.333	503.8	301.6	2332
2666.667	515.3	345.6	NaN
2670.000	488.1	274.3	NaN
2673.333	501.1	399.9	NaN
2676.667	NaN	NaN	NaN
2680.000	NaN	NaN	NaN
2683.333	NaN	NaN	NaN
2686.667	NaN	NaN	NaN
2690.000	NaN	NaN	NaN
2693.333	NaN	NaN	NaN
2696.667	NaN	NaN	NaN
2700.000	NaN	NaN	NaN
2703.333	NaN	NaN	NaN
2706.667	NaN	NaN	NaN
2710.000	NaN	NaN	NaN
2713.333	NaN	NaN	NaN
2716.667	NaN	NaN	NaN
2720.000	NaN	NaN	NaN
2723.333	NaN	NaN	NaN
2726.667	NaN	NaN	NaN
2730.000	NaN	NaN	NaN
2733.333	NaN	NaN	NaN
2736.667	NaN	NaN	NaN
2740.000	NaN	NaN	NaN
2743.333	NaN	NaN	NaN
2746.667	NaN	NaN	NaN
2750.000	NaN	NaN	NaN
2753.333	NaN	NaN	NaN
2756.667	NaN	NaN	NaN
2760.000	NaN	NaN	NaN
2763.333	NaN	NaN	NaN
2766.667	NaN	NaN	NaN
2770.000	NaN	NaN	NaN
2773.333	NaN	NaN	NaN
2776.667	NaN	NaN	NaN
2780.000	NaN	NaN	NaN
2783.333	NaN	NaN	NaN
2786.667	NaN	NaN	NaN
2790.000	NaN	NaN	NaN
2793.333	NaN	NaN	NaN
2796.667	NaN	NaN	NaN
2800.000	NaN	NaN	NaN
2803.333	NaN	NaN	NaN
2806.667	NaN	NaN	NaN
2810.000	NaN	NaN	NaN
2813.333	NaN	NaN	NaN
2816.667	NaN	NaN	NaN
2820.000	NaN	NaN	NaN
2823.333	NaN	NaN	NaN
2826.667	NaN	NaN	NaN
2830.000	NaN	NaN	NaN
2833.333	NaN	NaN	NaN
2836.667	NaN	NaN	NaN
2840.000	NaN	NaN	NaN
2843.333	NaN	NaN	NaN
2846.667	NaN	NaN	NaN
2850.000	NaN	NaN	NaN
2853.333	NaN	NaN	NaN
2856.667	NaN	NaN	NaN
2860.000	NaN	NaN	NaN
2863.333	NaN	NaN	NaN
2866.667	NaN	NaN	NaN
2870.000	NaN	NaN	NaN
2873.333	NaN	NaN	NaN
2876.667	NaN	NaN	NaN
2880.000	NaN	NaN	NaN
2883.333	NaN	NaN	NaN
2886.667	NaN	NaN	NaN
2890.000	NaN	NaN	NaN
2893.333	NaN	NaN	NaN
2896.667	NaN	NaN	NaN
2900.000	NaN	NaN	NaN
2903.333	NaN	NaN	NaN
2906.667	NaN	NaN	NaN
2910.000	NaN	NaN	NaN
2913.333	NaN	NaN	NaN
2916.667	NaN	NaN	NaN
2920.000	NaN	NaN	NaN
2923.333	NaN	NaN	NaN
2926.667	NaN	NaN	NaN
2930.000	NaN	NaN	NaN
2933.333	NaN	NaN	NaN
2936.667	NaN	NaN	NaN
2940.000	NaN	NaN	NaN
2943.333	NaN	NaN	NaN
2946.667	NaN	NaN	NaN
2950.000	NaN	NaN	NaN
2953.333	NaN	NaN	NaN
2956.667	NaN	NaN	NaN
2960.000	NaN	NaN	NaN
2963.333	NaN	NaN	NaN
2966.667	NaN	NaN	NaN
2970.000	NaN	NaN	NaN
2973.333	NaN	NaN	NaN
2976.667	NaN	NaN	NaN
2980.000	NaN	NaN	NaN
2983.333	NaN	NaN	NaN
2986.667	NaN	NaN	NaN
2990.000	NaN	NaN	NaN
2993.333	NaN	NaN	NaN
2996.667	NaN	NaN	NaN
3000.000	NaN	NaN	NaN
3003.333	NaN	NaN	NaN
3006.667	NaN	NaN	NaN
3010.000	NaN	NaN	NaN
3013.333	NaN	NaN	NaN
3016.667	NaN	NaN	NaN
3020.000	NaN	NaN	NaN
3023.333	NaN	NaN	NaN
3026.667	NaN	NaN	NaN
3030.000	NaN	NaN	NaN
3033.333	NaN	NaN	NaN
3036.667	NaN	NaN	NaN
3040.000	NaN	NaN	NaN
3043.333	NaN	NaN	NaN
3046.667	NaN	NaN	NaN
3050.000	NaN	NaN	NaN
3053.333	NaN	NaN	NaN
3056.667	NaN	NaN	NaN
3060.000	NaN	NaN	NaN
3063.333	NaN	NaN	NaN
3066.667	NaN	NaN	NaN
3070.000	NaN	NaN	NaN
3073.333	NaN	NaN	NaN
3076.667	NaN	NaN	NaN
3080.000	NaN	NaN	NaN
3083.333	NaN	NaN	NaN
3086.667	NaN	NaN	NaN
3090.000	NaN	NaN	NaN
3093.333	NaN	NaN	NaN
3096.667	NaN	NaN	NaN
3100.000	NaN	NaN	NaN
3103.333	NaN	NaN	NaN
3106.667	NaN	NaN	NaN
3110.000	NaN	NaN	NaN
3113.333	NaN	NaN	NaN
3116.667	NaN	NaN	NaN
3120.000	NaN	NaN	NaN
3123.333	NaN	NaN	NaN
3126.667	NaN	NaN	NaN
3130.000	NaN	NaN	NaN
3133.333	NaN	NaN	NaN
3136.667	NaN	NaN	NaN
3140.000	NaN	NaN	NaN
3143.333	NaN	NaN	NaN
3146.667	NaN	NaN	NaN
3150.000	NaN	NaN	NaN
3153.333	NaN	NaN	NaN
3156.667	NaN	NaN	NaN
3160.000	NaN	NaN	NaN
3163.333	NaN	NaN	NaN
3166.667	NaN	NaN	NaN
3170.000	NaN	NaN	NaN
3173.333	NaN	NaN	NaN
3176.667	NaN	NaN	NaN
3180.000	NaN	NaN	NaN
3183.333	NaN	NaN	NaN
3186.667	NaN	NaN	NaN
3190.000	NaN	NaN	NaN
3193.333	NaN	NaN	NaN
3196.667	NaN	NaN	NaN
3200.000	NaN	NaN	NaN
3203.333	NaN	NaN	NaN
3206.667	NaN	NaN	NaN
3210.000	NaN	NaN	NaN
3213.333	NaN	NaN	NaN
3216.667	NaN	NaN	NaN
3220.000	NaN	NaN	NaN
3223.333	NaN	NaN	NaN
3226.667	NaN	NaN	NaN
3230.000	NaN	NaN	NaN
3233.333	NaN	NaN	NaN
3236.667	NaN	NaN	NaN
3240.000	NaN	NaN	NaN
3243.333	NaN	NaN	NaN
3246.667	NaN	NaN	NaN
3250.000	NaN	NaN	NaN
3253.333	NaN	NaN	NaN
3256.667	NaN	NaN	NaN
3260.000	NaN	NaN	NaN
3263.333	NaN	NaN	NaN
3266.667	NaN	NaN	NaN
3270.000	NaN	NaN	NaN
3273.333	NaN	NaN	NaN
3276.667	NaN	NaN	NaN
3280.000	NaN	NaN	NaN
3283.333	NaN	NaN	NaN
3286.667	NaN	NaN	NaN
3290.000	NaN	NaN	NaN
3293.333	NaN	NaN	NaN
3296.667	NaN	NaN	NaN
3300.000	NaN	NaN	NaN
3303.333	NaN	NaN	NaN
3306.667	NaN	NaN	NaN
3310.000	NaN	NaN	NaN
3313.333	NaN	NaN	NaN
3316.667	NaN	NaN	NaN
3320.000	NaN	NaN	NaN
3323.333	NaN	NaN	NaN
3326.667	NaN	NaN	NaN
3330.000	NaN	NaN	NaN
3333.333	NaN	NaN	NaN
3336.667	NaN	NaN	NaN
3340.000	NaN	NaN	NaN
3343.333	NaN	NaN	NaN
3346.667	NaN	NaN	NaN
3350.000	NaN	NaN	NaN
3353.333	NaN	NaN	NaN
3356.667	NaN	NaN	NaN
3360.000	NaN	NaN	NaN
3363.333	NaN	NaN	NaN
3366.667	NaN	NaN	NaN
3370.000	NaN	NaN	NaN
3373.333	NaN	NaN	NaN
3376.667	NaN	NaN	NaN
3380.000	NaN	NaN	NaN
3383.333	NaN	NaN	NaN
3386.667	NaN	NaN	NaN
3390.000	NaN	NaN	NaN
3393.333	NaN	NaN	NaN
3396.667	NaN	NaN	NaN
3400.000	NaN	NaN	NaN
3403.333	NaN	NaN	NaN
3406.667	NaN	NaN	NaN
3410.000	NaN	NaN	NaN
3413.333	NaN	NaN	NaN
3416.667	NaN	NaN	NaN
3420.000	NaN	NaN	NaN
3423.333	NaN	NaN	NaN
3426.667	NaN	NaN	NaN
3430.000	NaN	NaN	NaN
3433.333	NaN	NaN	NaN
3436.667	NaN	NaN	NaN
3440.000	NaN	NaN	NaN
3443.333	NaN	NaN	NaN
3446.667	NaN	NaN	NaN
3450.000	NaN	NaN	NaN
3453.333	NaN	NaN	NaN
3456.667	NaN	NaN	NaN
3460.000	NaN	NaN	NaN
3463.333	NaN	NaN	NaN
3466.667	NaN	NaN	NaN
3470.000	NaN	NaN	NaN
3473.333	NaN	NaN	NaN
3476.667	NaN	NaN	NaN
3480.000	NaN	NaN	NaN
3483.333	NaN	NaN	NaN
3486.667	NaN	NaN	NaN
3490.000	NaN	NaN	NaN
3493.333	NaN	NaN	NaN
3496.667	NaN	NaN	NaN
3500.000	NaN	NaN	NaN
3503.333	NaN	NaN	NaN
3506.667	NaN	NaN	NaN
3510.000	NaN	NaN	NaN
3513.333	NaN	NaN	NaN
3516.667	NaN	NaN	NaN
3520.000	NaN	NaN	NaN
3523.333	1387.2	1337.7	NaN
3526.667	1379.3	1287.0	NaN
3530.000	1338.0	1238.3	NaN
3533.333	1292.5	1199.6	17513
3536.667	1239.0	1140.8	17349
3540.000	1224.2	1107.5	17295
3543.333	1170.0	1075.4	16387
3546.667	1141.4	1035.9	16141
3550.000	1055.6	1016.3	16487
3553.333	1043.7	988.6	14589
3556.667	976.5	966.0	14878
3560.000	963.8	904.6	14911
3563.333	930.4	938.3	15016
3566.667	840.4	903.3	14253
3570.000	791.8	874.5	13914
3573.333	777.2	869.3	13063
3576.667	737.3	841.5	10356
3580.000	697.3	861.8	7495
3583.333	661.1	840.8	5545
3586.667	649.2	824.5	3902
3590.000	678.7	839.4	3645
3593.333	677.2	807.7	4354
3596.667	681.4	774.6	4680
3600.000	731.3	813.5	2877
3603.333	704.1	777.0	3356
3606.667	756.9	835.1	3598
3610.000	701.2	853.5	2234
3613.333	714.4	834.1	2395
3616.667	752.8	830.3	1447
3620.000	718.7	847.5	2526
3623.333	739.0	846.0	2166
3626.667	765.7	863.4	964
3630.000	749.0	842.6	1674
3633.333	754.8	861.6	413
3636.667	745.9	843.9	1290
3640.000	768.0	835.9	1143
3643.333	734.6	851.6	1548
3646.667	740.0	840.3	1194
3650.000	732.1	836.0	1147
3653.333	744.0	827.2	4716
3656.667	747.8	820.9	3283
3660.000	729.6	838.9	1098
3663.333	733.2	710.9	1166
3666.667	717.9	821.1	1025
3670.000	744.6	844.0	1400
3673.333	720.8	839.1	4144
3676.667	718.1	777.0	1174
3680.000	728.6	831.3	959
3683.333	753.2	854.1	1464
3686.667	726.3	849.4	1422
3690.000	732.9	841.0	418
3693.333	730.2	831.9	500
3696.667	723.3	825.1	843
3700.000	759.7	860.2	690
3703.333	718.7	850.6	673
3706.667	743.2	853.3	509
3710.000	735.6	837.3	1411
3713.333	733.1	846.3	2915
3716.667	731.1	823.6	2408
3720.000	727.1	846.5	1481
3723.333	705.6	772.6	764
3726.667	720.2	836.5	536
3730.000	717.3	831.3	517
3733.333	723.1	834.4	1817
3736.667	721.0	826.2	6151
3740.000	719.4	827.2	3471
3743.333	730.2	831.1	1496
3746.667	728.8	648.3	1547
3750.000	727.9	847.2	1582
3753.333	735.0	837.9	3921
3756.667	754.2	835.7	5784
3760.000	715.8	807.9	258
3763.333	736.1	850.3	781
3766.667	743.8	835.6	1693
3770.000	733.8	849.3	1757
3773.333	732.9	843.0	393
3776.667	733.4	864.3	292
3780.000	746.5	844.6	1236
3783.333	743.0	848.0	459
3786.667	726.7	842.4	563
3790.000	773.2	854.8	1084
3793.333	727.1	852.0	1549
3796.667	730.2	840.7	1337
3800.000	723.5	834.2	2648
3803.333	728.3	821.6	1201
3806.667	744.8	831.1	527
3810.000	712.5	809.4	1145
3813.333	739.8	837.4	1559
3816.667	740.7	840.0	1998
3820.000	731.9	852.0	669
3823.333	735.9	845.1	867
3826.667	738.0	864.2	3188
3830.000	722.7	809.2	2783
3833.333	728.8	870.9	1805
3836.667	720.0	744.0	3483
3840.000	720.6	834.3	1197
3843.333	716.7	840.5	1000
3846.667	708.5	753.5	3264
3850.000	700.2	852.6	1961
3853.333	715.2	829.5	2448
3856.667	731.5	844.7	2725
3860.000	730.6	863.0	1263
3863.333	699.1	845.9	1955
3866.667	722.7	829.5	1436
3870.000	745.3	851.3	NaN
3873.333	746.5	788.7	NaN
3876.667	737.9	861.6	NaN
3880.000	NaN	NaN	NaN
3883.333	742.3	872.2	NaN
3886.667	718.7	830.8	NaN
3890.000	720.0	830.5	NaN
3893.333	708.1	688.8	5746
3896.667	750.3	791.0	2209
3900.000	721.2	790.0	1681
3903.333	750.3	734.9	4937
3906.667	754.0	827.2	1670
3910.000	730.4	789.5	1761
3913.333	729.4	829.9	2359
3916.667	706.2	771.7	5327
3920.000	712.1	793.4	4964
3923.333	713.5	772.4	5953
3926.667	736.5	688.6	3939
3930.000	756.9	732.7	1299
3933.333	763.2	721.8	5274
3936.667	724.4	729.9	6402
3940.000	730.2	832.1	3143
3943.333	736.7	841.5	4178
3946.667	724.8	775.1	2923
3950.000	720.4	738.6	2561
3953.333	721.5	856.4	2534
3956.667	708.7	834.8	705
3960.000	707.1	742.3	703
3963.333	729.2	756.0	4331
3966.667	721.3	823.4	427
3970.000	693.9	777.6	4781
3973.333	710.8	733.8	5732
3976.667	714.2	846.1	10090
3980.000	750.0	858.0	7202
3983.333	725.6	533.2	2765
3986.667	699.5	631.3	1513
3990.000	748.6	732.0	4175
3993.333	722.3	801.1	10307
3996.667	718.8	864.3	6561
4000.000	707.9	704.5	4097
4003.333	696.8	759.2	1242
4006.667	693.9	844.5	581
4010.000	692.7	835.6	581
4013.333	706.4	766.8	581
4016.667	736.5	807.0	581
