time	x	y	v
0.000	967.9	590.4	102
3.333	962.1	582.9	102
6.667	973.2	591.1	102
10.000	970.0	591.3	102
13.333	968.4	597.7	180
16.667	977.1	586.7	449
20.000	961.7	588.0	203
23.333	962.1	588.3	43
26.667	972.7	584.9	607
30.000	968.8	593.9	874
33.333	970.4	595.2	643
36.667	972.5	598.5	360
40.000	973.4	598.2	401
43.333	970.8	595.0	720
46.667	966.7	593.8	869
50.000	963.8	586.4	707
53.333	964.0	587.5	327
56.667	964.4	587.2	56
60.000	965.6	587.7	400
63.333	969.2	588.8	222
66.667	962.1	593.8	215
70.000	967.7	593.5	247
73.333	964.6	588.1	211
76.667	960.4	589.7	176
80.000	966.1	595.3	148
83.333	968.6	595.6	97
86.667	966.0	592.2	322
90.000	959.8	590.5	452
93.333	967.5	586.8	252
96.667	961.5	587.1	317
100.000	963.5	590.5	529
103.333	962.7	594.4	578
106.667	960.0	596.6	171
110.000	964.2	598.0	289
113.333	961.5	594.6	457
116.667	963.3	588.4	1051
120.000	958.1	587.4	1163
123.333	958.1	591.0	1133
126.667	958.7	571.6	725
130.000	963.1	576.6	783
133.333	956.0	572.9	850
136.667	957.1	581.0	406
140.000	952.7	570.2	475
143.333	951.0	567.4	363
146.667	956.2	573.8	605
150.000	953.7	571.1	541
153.333	948.5	571.1	934
156.667	943.9	568.1	1306
160.000	947.9	559.0	1182
163.333	940.0	557.0	528
166.667	939.3	556.2	203
170.000	941.4	553.7	280
173.333	944.1	567.9	167
176.667	940.6	566.6	133
180.000	937.3	547.2	247
183.333	946.0	561.4	728
186.667	934.8	555.9	440
190.000	940.6	557.7	323
193.333	937.2	549.6	35
196.667	943.1	552.5	241
200.000	946.2	561.7	228
203.333	938.1	558.3	82
206.667	941.0	551.4	417
210.000	938.1	547.7	500
213.333	940.6	558.3	339
216.667	936.8	550.2	130
220.000	947.7	549.3	88
223.333	932.0	548.5	82
226.667	938.9	555.1	429
230.000	938.5	551.7	353
233.333	943.7	557.5	632
236.667	942.3	556.0	309
240.000	945.8	552.3	231
243.333	943.3	558.5	428
246.667	938.1	561.4	432
250.000	936.4	552.9	342
253.333	948.1	569.7	232
256.667	935.2	557.2	431
260.000	943.7	560.2	479
263.333	946.4	561.2	323
266.667	944.8	565.2	857
270.000	938.3	569.1	570
273.333	947.3	570.0	493
276.667	944.6	573.0	417
280.000	950.0	567.3	499
283.333	950.0	570.7	355
286.667	947.7	559.1	532
290.000	948.5	567.5	551
293.333	956.0	572.8	230
296.667	934.8	555.1	71
300.000	941.6	566.5	562
303.333	955.0	563.8	221
306.667	946.4	562.5	972
310.000	939.1	556.6	486
313.333	956.7	568.6	321
316.667	956.2	571.3	438
320.000	949.1	568.9	766
323.333	948.1	564.5	441
326.667	950.0	568.7	401
330.000	953.3	581.6	1221
333.333	955.2	575.2	1103
336.667	955.2	572.9	987
340.000	967.7	589.7	458
343.333	960.6	577.0	558
346.667	967.1	583.1	72
350.000	957.3	578.7	215
353.333	965.8	586.3	385
356.667	959.8	574.9	390
360.000	963.5	585.8	261
363.333	962.3	588.5	337
366.667	960.2	588.1	92
370.000	961.2	581.0	244
373.333	956.4	577.3	174
376.667	962.1	583.6	198
380.000	965.2	585.0	193
383.333	963.6	587.5	211
386.667	961.0	578.1	386
390.000	961.9	583.3	405
393.333	959.6	586.1	485
396.667	960.6	573.8	484
400.000	959.8	581.7	463
403.333	960.0	574.0	205
406.667	956.7	571.8	393
410.000	956.5	580.5	525
413.333	958.5	580.8	631
416.667	958.3	583.6	375
420.000	955.2	587.7	180
423.333	957.9	581.8	162
426.667	954.8	580.1	44
430.000	956.9	586.8	48
433.333	954.8	583.2	138
436.667	959.6	586.1	339
440.000	952.7	584.5	687
443.333	962.5	580.4	1915
446.667	953.3	594.3	3173
450.000	941.6	596.1	4143
453.333	918.7	608.7	4901
456.667	905.1	616.4	4218
460.000	894.7	626.4	3000
463.333	875.5	616.7	1294
466.667	882.6	621.2	224
470.000	887.0	617.4	737
473.333	896.1	620.7	729
476.667	894.7	624.0	417
480.000	900.3	619.7	610
483.333	883.8	613.7	638
486.667	893.6	632.1	628
490.000	885.7	631.0	665
493.333	892.2	627.6	346
496.667	891.3	630.7	229
500.000	884.9	627.5	491
503.333	888.6	627.6	224
506.667	891.1	628.0	302
510.000	883.6	617.0	749
513.333	896.1	629.6	639
516.667	894.7	631.0	641
520.000	897.2	639.4	641
523.333	895.1	629.1	188
526.667	884.9	636.6	99
530.000	890.5	633.0	89
533.333	897.4	631.0	495
536.667	893.4	636.7	441
540.000	891.8	634.7	199
543.333	894.5	643.7	250
546.667	889.3	640.9	492
550.000	890.9	628.2	663
553.333	892.4	632.6	932
556.667	889.9	628.6	406
560.000	896.1	627.0	177
563.333	889.7	623.8	217
566.667	887.6	633.1	506
570.000	896.1	634.6	433
573.333	893.0	633.0	151
576.667	886.3	636.3	566
580.000	895.1	632.1	249
583.333	883.6	622.3	336
586.667	898.8	624.3	93
590.000	894.9	637.5	395
593.333	895.5	630.4	534
596.667	884.7	630.9	413
600.000	886.3	632.6	291
603.333	888.8	634.3	308
606.667	895.5	633.3	257
610.000	884.5	635.3	148
613.333	887.2	635.3	204
616.667	889.9	635.5	177
620.000	887.8	635.7	371
623.333	891.5	638.9	165
626.667	889.2	636.0	250
630.000	888.6	643.6	466
633.333	890.9	633.7	440
636.667	896.4	636.8	324
640.000	897.2	632.1	84
643.333	893.2	634.2	337
646.667	893.8	640.4	393
650.000	885.1	640.1	150
653.333	891.6	635.6	250
656.667	892.8	639.5	310
660.000	893.6	630.9	471
663.333	894.0	633.6	97
666.667	891.8	637.8	296
670.000	897.4	633.4	321
673.333	889.9	640.2	151
676.667	885.3	630.5	276
680.000	893.2	639.6	444
683.333	893.2	630.8	992
686.667	891.8	631.4	785
690.000	885.1	628.2	1171
693.333	884.5	614.2	1051
696.667	888.4	624.5	640
700.000	882.6	616.9	355
703.333	881.5	613.7	560
706.667	885.3	622.7	1074
710.000	890.5	615.7	2416
713.333	899.1	622.3	3785
716.667	907.6	623.7	4723
720.000	934.5	624.2	5113
723.333	960.8	608.6	4974
726.667	973.4	619.2	4219
730.000	981.9	611.4	3303
733.333	991.3	627.6	2321
736.667	993.6	629.7	1694
740.000	1008.2	622.8	1156
743.333	1002.6	621.5	780
746.667	1003.0	633.3	1055
750.000	1007.0	610.4	722
753.333	999.2	618.0	588
756.667	1007.8	605.3	442
760.000	1009.0	616.5	263
763.333	1010.3	620.6	465
766.667	1002.4	614.2	414
770.000	1003.4	616.0	461
773.333	998.6	624.9	684
776.667	1004.7	605.1	460
780.000	1006.8	610.7	550
783.333	1007.8	605.2	347
786.667	1004.0	613.8	430
790.000	1006.3	608.0	281
793.333	1001.3	611.5	474
796.667	1003.6	615.9	113
800.000	1001.9	605.2	270
803.333	999.2	618.2	399
806.667	1006.1	611.6	119
810.000	1004.9	615.6	56
813.333	1004.4	620.8	612
816.667	998.0	609.6	716
820.000	1003.0	609.7	709
823.333	995.9	604.0	171
826.667	1000.7	604.2	551
830.000	1004.5	606.7	402
833.333	1006.1	624.7	381
836.667	1009.5	603.5	163
840.000	1001.3	611.7	277
843.333	998.6	611.0	539
846.667	1010.7	608.1	315
850.000	997.4	611.4	255
853.333	1001.3	607.0	136
856.667	1004.0	598.8	219
860.000	1004.9	613.4	292
863.333	1004.4	610.6	440
866.667	998.2	605.0	319
870.000	1008.4	609.7	46
873.333	1004.2	615.7	87
876.667	1004.5	607.4	460
880.000	1003.4	613.3	278
883.333	1004.5	607.2	210
886.667	1007.2	620.4	395
890.000	1006.5	615.3	511
893.333	996.7	603.8	361
896.667	1003.6	599.7	378
900.000	1001.5	609.1	60
903.333	1003.8	610.1	455
906.667	1006.8	610.3	658
910.000	999.4	609.3	827
913.333	1010.5	603.1	969
916.667	1004.2	584.2	1219
920.000	1005.7	603.7	145
923.333	998.8	593.0	756
926.667	1003.6	583.4	1240
930.000	1004.9	615.1	795
933.333	1007.6	612.6	602
936.667	1004.4	609.3	18
940.000	997.1	607.6	853
943.333	1001.7	597.5	323
946.667	1009.7	597.1	528
950.000	998.8	603.4	636
953.333	1005.5	610.1	581
956.667	995.3	621.5	524
960.000	997.8	606.4	698
963.333	1010.1	603.3	1585
966.667	1002.8	614.6	3794
970.000	1013.2	619.3	7261
973.333	1020.5	649.1	11202
976.667	1032.6	693.0	15626
980.000	1054.8	747.1	NaN
983.333	1049.9	829.3	NaN
986.667	1091.7	911.7	NaN
990.000	NaN	NaN	NaN
993.333	NaN	NaN	NaN
996.667	NaN	NaN	NaN
1000.000	NaN	NaN	NaN
1003.333	NaN	NaN	NaN
1006.667	NaN	NaN	NaN
1010.000	NaN	NaN	NaN
1013.333	NaN	NaN	NaN
1016.667	NaN	NaN	NaN
1020.000	NaN	NaN	NaN
1023.333	NaN	NaN	NaN
1026.667	NaN	NaN	NaN
1030.000	NaN	NaN	NaN
1033.333	NaN	NaN	NaN
1036.667	NaN	NaN	NaN
1040.000	NaN	NaN	NaN
1043.333	NaN	NaN	NaN
1046.667	NaN	NaN	NaN
1050.000	NaN	NaN	NaN
1053.333	NaN	NaN	NaN
1056.667	NaN	NaN	NaN
1060.000	NaN	NaN	NaN
1063.333	NaN	NaN	NaN
1066.667	NaN	NaN	NaN
1070.000	NaN	NaN	NaN
1073.333	NaN	NaN	NaN
1076.667	NaN	NaN	NaN
1080.000	NaN	NaN	NaN
1083.333	NaN	NaN	NaN
1086.667	NaN	NaN	NaN
1090.000	NaN	NaN	NaN
1093.333	NaN	NaN	NaN
1096.667	NaN	NaN	NaN
1100.000	NaN	NaN	NaN
1103.333	NaN	NaN	NaN
1106.667	NaN	NaN	NaN
1110.000	NaN	NaN	NaN
1113.333	NaN	NaN	NaN
1116.667	NaN	NaN	NaN
1120.000	NaN	NaN	NaN
1123.333	NaN	NaN	NaN
1126.667	NaN	NaN	NaN
1130.000	NaN	NaN	NaN
1133.333	NaN	NaN	NaN
1136.667	NaN	NaN	NaN
1140.000	NaN	NaN	NaN
1143.333	NaN	NaN	NaN
1146.667	NaN	NaN	NaN
1150.000	NaN	NaN	NaN
1153.333	NaN	NaN	NaN
1156.667	NaN	NaN	NaN
1160.000	NaN	NaN	NaN
1163.333	NaN	NaN	NaN
1166.667	NaN	NaN	NaN
1170.000	NaN	NaN	NaN
1173.333	NaN	NaN	NaN
1176.667	NaN	NaN	NaN
1180.000	NaN	NaN	NaN
1183.333	NaN	NaN	NaN
1186.667	NaN	NaN	NaN
1190.000	NaN	NaN	NaN
1193.333	NaN	NaN	NaN
1196.667	NaN	NaN	NaN
1200.000	NaN	NaN	NaN
1203.333	NaN	NaN	NaN
1206.667	NaN	NaN	NaN
1210.000	NaN	NaN	NaN
1213.333	1300.4	754.8	NaN
1216.667	NaN	NaN	NaN
1220.000	NaN	NaN	NaN
1223.333	NaN	NaN	NaN
1226.667	NaN	NaN	NaN
1230.000	NaN	NaN	NaN
1233.333	1272.2	703.9	NaN
1236.667	1261.6	685.5	NaN
1240.000	1254.5	695.3	NaN
1243.333	1248.6	672.2	2779
1246.667	1253.8	663.7	2338
1250.000	1249.9	649.5	2592
1253.333	1256.4	655.3	2491
1256.667	1245.3	648.4	2489
1260.000	1253.8	633.3	2225
1263.333	1249.7	615.3	2664
1266.667	1247.0	616.8	2313
1270.000	1235.7	619.7	2005
1273.333	1235.9	602.4	1642
1276.667	1238.8	599.4	1615
1280.000	1239.6	591.6	1730
1283.333	1231.5	592.8	1498
1286.667	1228.0	592.5	1512
1290.000	1222.1	579.1	1744
1293.333	1225.2	576.8	1435
1296.667	1222.1	577.2	1114
1300.000	1222.7	558.7	756
1303.333	1224.6	572.6	772
1306.667	1205.2	576.1	989
1310.000	1212.3	573.6	1255
1313.333	1213.6	570.9	1157
1316.667	1210.0	590.0	1985
1320.000	1211.9	583.6	2807
1323.333	1218.0	598.0	3608
1326.667	1226.9	612.0	3367
1330.000	1232.4	624.9	2836
1333.333	1234.6	642.7	1643
1336.667	1229.2	638.8	1027
1340.000	1225.0	631.4	484
1343.333	1233.6	629.9	271
1346.667	1232.1	644.3	441
1350.000	1233.2	641.8	467
1353.333	1227.8	644.7	556
1356.667	1225.7	639.6	944
1360.000	1222.7	636.2	685
1363.333	1225.2	634.5	483
1366.667	1221.5	628.6	420
1370.000	1223.8	638.1	332
1373.333	1215.7	642.2	329
1376.667	1219.0	640.1	472
1380.000	1220.4	634.1	204
1383.333	1223.0	639.4	482
1386.667	1211.7	642.2	366
1390.000	1221.7	633.0	284
1393.333	1224.0	631.0	198
1396.667	1220.5	633.4	154
1400.000	1219.2	633.0	185
1403.333	1219.4	639.3	399
1406.667	1219.4	635.8	160
1410.000	1220.0	630.4	329
1413.333	1222.7	644.4	416
1416.667	1222.3	631.4	629
1420.000	1220.9	626.3	947
1423.333	1211.7	633.7	988
1426.667	1210.9	626.5	645
1430.000	1206.9	625.0	442
1433.333	1210.6	631.7	565
1436.667	1210.9	633.7	694
1440.000	1215.9	637.1	578
1443.333	1222.8	631.5	295
1446.667	1218.2	629.2	349
1450.000	1215.0	632.8	307
1453.333	1215.6	631.4	511
1456.667	1210.8	626.7	598
1460.000	1215.9	636.2	584
1463.333	1212.1	636.9	428
1466.667	1208.3	639.3	191
1470.000	1208.8	638.9	475
1473.333	1214.0	634.4	243
1476.667	1207.9	630.1	367
1480.000	1202.9	637.5	526
1483.333	1214.2	633.6	125
1486.667	1203.8	631.3	192
1490.000	1221.7	625.6	248
1493.333	1207.5	637.0	364
1496.667	1206.5	637.3	422
1500.000	1214.4	632.0	434
1503.333	1206.7	639.1	222
1506.667	1219.0	634.7	18
1510.000	1207.1	638.2	262
1513.333	1209.2	629.6	333
1516.667	1209.4	639.6	340
1520.000	1208.4	636.8	180
1523.333	1210.9	627.2	425
1526.667	1208.4	633.1	98
1530.000	1205.0	645.2	130
1533.333	1207.7	639.6	265
1536.667	1209.4	633.4	309
1540.000	1210.6	634.4	733
1543.333	1202.3	636.1	561
1546.667	1209.0	631.3	518
1550.000	1206.7	627.0	379
1553.333	1205.4	628.0	331
1556.667	1207.3	625.1	218
1560.000	1209.0	631.0	291
1563.333	1209.6	629.9	365
1566.667	1206.7	621.6	315
1570.000	1211.7	623.6	30
1573.333	1211.9	624.9	515
1576.667	1209.4	622.7	457
1580.000	1207.1	633.9	459
1583.333	1199.8	634.3	448
1586.667	1214.6	625.6	399
1590.000	1206.7	632.0	183
1593.333	1207.3	634.8	351
1596.667	1205.4	635.1	517
1600.000	1209.8	634.3	495
1603.333	1214.2	629.4	632
1606.667	1205.8	643.4	377
1610.000	1201.9	643.4	229
1613.333	1208.6	645.8	257
1616.667	1217.1	632.3	643
1620.000	1214.0	632.1	471
1623.333	1210.6	636.6	225
1626.667	1215.2	641.8	439
1630.000	1211.5	635.9	353
1633.333	1208.8	634.0	410
1636.667	1207.1	635.1	379
1640.000	1211.5	627.2	319
1643.333	1214.4	633.9	340
1646.667	1216.9	634.6	225
1650.000	1210.4	628.6	369
1653.333	1214.0	641.2	301
1656.667	1211.9	632.3	259
1660.000	1211.7	637.2	672
1663.333	1208.3	633.1	1655
1666.667	1213.8	639.0	3254
1670.000	1228.0	642.8	4127
1673.333	1252.0	647.9	4296
1676.667	1275.5	650.9	2978
1680.000	1278.7	653.6	1096
1683.333	1279.1	652.1	347
1686.667	1259.3	658.5	1398
1690.000	1255.5	641.5	1454
1693.333	1261.8	648.4	584
1696.667	1252.2	648.1	623
1700.000	1252.2	647.6	1120
1703.333	1268.5	649.3	1060
1706.667	1272.6	658.5	1146
1710.000	1273.5	651.0	792
1713.333	1273.0	650.3	143
1716.667	1271.0	655.5	373
1720.000	1275.1	645.6	469
1723.333	1270.3	652.8	495
1726.667	1268.2	648.9	324
1730.000	1264.1	645.9	449
1733.333	1268.7	644.9	345
1736.667	1273.3	649.0	363
1740.000	1261.1	657.0	277
1743.333	1269.3	656.7	301
1746.667	1271.2	648.2	256
1750.000	1272.2	643.1	379
1753.333	1271.8	659.1	238
1756.667	1273.2	652.5	81
1760.000	1268.5	650.3	327
1763.333	1276.2	647.2	558
1766.667	1268.5	646.2	224
1770.000	1263.2	653.6	101
1773.333	1263.9	650.3	172
1776.667	1277.0	644.4	282
1780.000	1266.4	650.7	574
1783.333	1270.3	642.7	224
1786.667	1271.6	651.8	40
1790.000	1273.5	641.2	121
1793.333	1270.7	655.3	463
1796.667	1274.3	642.1	673
1800.000	1264.9	653.6	428
1803.333	1271.2	655.2	213
1806.667	1264.1	660.9	162
1810.000	1270.3	643.2	193
1813.333	1267.0	652.9	362
1816.667	1269.1	649.5	100
1820.000	1267.2	654.4	418
1823.333	1268.4	646.3	203
1826.667	1263.7	655.7	90
1830.000	1262.2	650.2	169
1833.333	1269.7	657.5	193
1836.667	1268.9	648.9	242
1840.000	1269.3	654.8	94
1843.333	1265.5	652.4	315
1846.667	1264.3	648.0	157
1850.000	1268.5	652.9	232
1853.333	1261.8	656.6	249
1856.667	1268.2	648.6	406
1860.000	1265.1	648.0	619
1863.333	1268.4	646.8	517
1866.667	1271.0	644.9	160
1870.000	1269.3	643.4	109
1873.333	1267.8	647.7	150
1876.667	1262.8	646.3	444
1880.000	1273.0	648.9	203
1883.333	1265.3	645.6	381
1886.667	1261.4	651.9	491
1890.000	1267.0	643.5	498
1893.333	1257.8	653.0	68
1896.667	1258.4	650.5	243
1900.000	1264.1	650.3	249
1903.333	1267.0	646.4	481
1906.667	1264.7	645.5	300
1910.000	1264.1	643.6	121
1913.333	1262.2	646.8	180
1916.667	1258.9	644.5	520
1920.000	1271.0	647.4	490
1923.333	1267.4	649.6	398
1926.667	1274.7	635.5	16
1930.000	1268.2	650.9	537
1933.333	1267.0	644.2	427
1936.667	1261.1	646.6	340
1940.000	1263.6	637.7	174
1943.333	1266.4	641.7	151
1946.667	1268.0	649.3	340
1950.000	1266.4	643.8	403
1953.333	1261.4	646.9	261
1956.667	1264.5	650.2	265
1960.000	1265.1	645.3	70
1963.333	1262.4	647.0	274
1966.667	1264.3	641.2	280
1970.000	1267.4	648.9	227
1973.333	1268.2	647.6	430
1976.667	1267.8	642.8	538
1980.000	1263.2	639.6	437
1983.333	1267.2	637.4	395
1986.667	1277.8	639.5	140
1990.000	1263.7	642.7	136
1993.333	1269.9	636.0	382
1996.667	1268.0	640.9	320
2000.000	1266.4	642.5	296
2003.333	1266.0	645.4	270
2006.667	1271.2	643.4	200
2010.000	1268.2	644.2	109
2013.333	1261.2	638.3	143
2016.667	1271.2	650.3	62
2020.000	1269.3	639.4	114
2023.333	1267.4	650.4	29
2026.667	1268.5	640.8	485
2030.000	1262.0	645.0	422
2033.333	1268.4	640.8	584
2036.667	1262.0	641.5	661
2040.000	1259.9	643.9	286
2043.333	1256.4	642.3	34
2046.667	1254.5	640.8	279
2050.000	1264.3	643.2	563
2053.333	1267.6	640.9	448
2056.667	1262.2	646.7	418
2060.000	1267.6	648.3	505
2063.333	1260.5	643.1	343
2066.667	1263.0	649.9	240
2070.000	1263.4	653.4	325
2073.333	1263.2	645.2	363
2076.667	1268.2	639.0	457
2080.000	1268.2	644.3	449
2083.333	1264.5	645.0	324
2086.667	1269.7	645.0	477
2090.000	1272.8	645.4	286
2093.333	1261.1	650.7	214
2096.667	1264.1	648.2	367
2100.000	1263.2	643.9	206
2103.333	1266.4	648.8	194
2106.667	1266.8	654.5	176
2110.000	1264.9	648.2	191
2113.333	1258.9	653.2	288
2116.667	1266.4	647.6	251
2120.000	1270.3	641.2	217
2123.333	1263.2	648.9	308
2126.667	1262.2	650.5	349
2130.000	1257.8	646.5	327
2133.333	1260.9	643.8	161
2136.667	1265.3	640.9	78
2140.000	1260.5	653.8	251
2143.333	1266.8	648.9	165
2146.667	1258.8	645.7	144
2150.000	1264.9	647.2	343
2153.333	1265.7	645.5	297
2156.667	1262.8	642.5	344
2160.000	1265.3	648.4	57
2163.333	1269.3	641.7	241
2166.667	1266.6	649.2	164
2170.000	1263.7	645.6	18
2173.333	1266.6	650.4	325
2176.667	1266.0	644.4	56
2180.000	1267.0	646.6	146
2183.333	1259.7	649.2	280
2186.667	1267.8	647.0	114
2190.000	1266.8	642.1	119
2193.333	1262.6	659.9	290
2196.667	1267.4	641.4	557
2200.000	1259.9	647.4	498
2203.333	1263.0	640.3	615
2206.667	1256.8	642.7	117
2210.000	1259.5	644.9	63
2213.333	1266.8	640.1	350
2216.667	1260.3	644.9	592
2220.000	1260.3	645.6	425
2223.333	1270.3	633.7	188
2226.667	1265.1	635.5	384
2230.000	1252.2	639.5	268
2233.333	1268.5	641.6	259
2236.667	1262.0	633.7	78
2240.000	1263.9	635.3	113
2243.333	1259.9	637.5	273
2246.667	1263.9	638.8	294
2250.000	1258.8	642.3	438
2253.333	1262.8	637.7	534
2256.667	1260.5	639.3	921
2260.000	1268.9	647.1	67
2263.333	1263.6	647.8	1253
2266.667	1266.6	659.6	1282
2270.000	1257.0	625.9	777
2273.333	1256.4	604.7	3802
2276.667	1276.6	635.4	8289
2280.000	1287.6	670.4	14049
2283.333	1315.2	731.2	17921
2286.667	1349.8	788.8	19384
2290.000	1398.7	850.7	NaN
2293.333	1398.7	922.8	NaN
2296.667	1362.2	1000.4	NaN
2300.000	NaN	NaN	NaN
2303.333	NaN	NaN	NaN
2306.667	NaN	NaN	NaN
2310.000	NaN	NaN	NaN
2313.333	NaN	NaN	NaN
2316.667	NaN	NaN	NaN
2320.000	NaN	NaN	NaN
2323.333	NaN	NaN	NaN
2326.667	NaN	NaN	NaN
2330.000	NaN	NaN	NaN
2333.333	NaN	NaN	NaN
2336.667	NaN	NaN	NaN
2340.000	NaN	NaN	NaN
2343.333	NaN	NaN	NaN
2346.667	NaN	NaN	NaN
2350.000	NaN	NaN	NaN
2353.333	NaN	NaN	NaN
2356.667	NaN	NaN	NaN
2360.000	NaN	NaN	NaN
2363.333	NaN	NaN	NaN
2366.667	NaN	NaN	NaN
2370.000	NaN	NaN	NaN
2373.333	NaN	NaN	NaN
2376.667	NaN	NaN	NaN
2380.000	NaN	NaN	NaN
2383.333	NaN	NaN	NaN
2386.667	NaN	NaN	NaN
2390.000	NaN	NaN	NaN
2393.333	NaN	NaN	NaN
2396.667	NaN	NaN	NaN
2400.000	NaN	NaN	NaN
2403.333	NaN	NaN	NaN
2406.667	NaN	NaN	NaN
2410.000	NaN	NaN	NaN
2413.333	NaN	NaN	NaN
2416.667	NaN	NaN	NaN
2420.000	NaN	NaN	NaN
2423.333	NaN	NaN	NaN
2426.667	NaN	NaN	NaN
2430.000	NaN	NaN	NaN
2433.333	NaN	NaN	NaN
2436.667	NaN	NaN	NaN
2440.000	NaN	NaN	NaN
2443.333	NaN	NaN	NaN
2446.667	NaN	NaN	NaN
2450.000	NaN	NaN	NaN
2453.333	NaN	NaN	NaN
2456.667	NaN	NaN	NaN
2460.000	NaN	NaN	NaN
2463.333	NaN	NaN	NaN
2466.667	NaN	NaN	NaN
2470.000	NaN	NaN	NaN
2473.333	NaN	NaN	NaN
2476.667	NaN	NaN	NaN
2480.000	NaN	NaN	NaN
2483.333	NaN	NaN	NaN
2486.667	NaN	NaN	NaN
2490.000	NaN	NaN	NaN
2493.333	NaN	NaN	NaN
2496.667	NaN	NaN	NaN
2500.000	NaN	NaN	NaN
2503.333	NaN	NaN	NaN
2506.667	NaN	NaN	NaN
2510.000	NaN	NaN	NaN
2513.333	NaN	NaN	NaN
2516.667	NaN	NaN	NaN
2520.000	NaN	NaN	NaN
2523.333	NaN	NaN	NaN
2526.667	1015.9	589.8	NaN
2530.000	1009.7	580.5	NaN
2533.333	1017.2	581.6	NaN
2536.667	NaN	NaN	NaN
2540.000	NaN	NaN	NaN
2543.333	NaN	NaN	NaN
2546.667	NaN	NaN	NaN
2550.000	NaN	NaN	NaN
2553.333	1009.5	601.3	NaN
2556.667	1014.5	608.1	NaN
2560.000	1014.3	603.7	NaN
2563.333	1016.6	602.2	967
2566.667	1018.6	595.8	1334
2570.000	998.4	616.1	1294
2573.333	995.1	617.1	1320
2576.667	1001.9	621.5	981
2580.000	1008.4	616.4	868
2583.333	1008.2	625.3	593
2586.667	1014.0	619.8	127
2590.000	1009.2	622.2	379
2593.333	1006.7	618.2	597
2596.667	1006.5	622.5	641
2600.000	1002.8	626.2	210
2603.333	999.2	614.3	313
2606.667	1003.6	614.5	558
2610.000	1010.9	621.4	500
2613.333	1008.6	614.5	165
2616.667	1006.5	612.4	564
2620.000	1001.1	612.7	538
2623.333	1002.0	613.4	233
2626.667	996.1	613.0	178
2630.000	1004.2	619.4	213
2633.333	1005.7	613.7	178
2636.667	1001.7	615.2	379
2640.000	1002.8	616.0	182
2643.333	999.7	618.2	284
2646.667	1010.3	618.7	210
2650.000	1005.9	618.8	139
2653.333	1002.2	618.9	345
2656.667	1004.4	617.9	440
2660.000	999.2	613.3	217
2663.333	1007.4	611.4	350
2666.667	1003.0	614.0	298
2670.000	1010.3	621.1	283
2673.333	1007.6	614.2	78
2676.667	1006.5	617.2	198
2680.000	1004.2	615.9	416
2683.333	1005.5	611.5	397
2686.667	1003.2	615.3	143
2690.000	1002.2	616.0	241
2693.333	998.4	615.0	89
2696.667	1007.6	618.7	339
2700.000	1000.7	617.8	571
2703.333	1005.3	611.7	615
2706.667	1009.0	611.1	260
2710.000	1010.1	610.2	190
2713.333	1009.5	611.7	266
2716.667	1001.3	615.3	385
2720.000	1008.8	617.1	585
2723.333	1011.5	613.7	183
2726.667	1003.6	618.0	121
2730.000	1005.9	624.1	403
2733.333	1005.1	610.3	627
2736.667	1009.2	615.2	659
2740.000	998.4	613.4	560
2743.333	997.6	608.8	453
2746.667	1000.1	610.0	583
2750.000	1003.0	612.3	167
2753.333	995.9	607.4	153
2756.667	997.6	603.9	67
2760.000	1001.3	612.6	197
2763.333	998.0	605.1	251
2766.667	1002.0	611.0	170
2770.000	992.6	609.6	355
2773.333	1004.9	609.2	503
2776.667	1000.3	608.8	428
2780.000	989.4	604.9	193
2783.333	990.0	602.3	228
2786.667	998.8	608.7	118
2790.000	999.7	606.1	346
2793.333	995.3	607.9	419
2796.667	994.2	609.0	260
2800.000	991.9	610.6	138
2803.333	1000.7	612.4	399
2806.667	995.7	596.4	200
2810.000	994.4	609.6	241
2813.333	1006.3	613.4	167
2816.667	992.8	609.1	448
2820.000	998.4	601.3	152
2823.333	996.3	613.3	349
2826.667	997.2	611.8	226
2830.000	995.1	611.6	327
2833.333	994.4	606.9	465
2836.667	989.0	604.7	341
2840.000	994.4	606.2	225
2843.333	997.2	605.2	234
2846.667	993.8	605.9	196
2850.000	991.3	605.2	222
2853.333	996.5	613.0	53
2856.667	991.7	605.9	371
2860.000	990.3	602.4	250
2863.333	997.8	607.7	237
2866.667	1001.9	612.8	210
2870.000	993.4	605.3	119
2873.333	997.4	605.6	209
2876.667	994.8	606.2	435
2880.000	990.7	607.8	232
2883.333	998.4	609.6	247
2886.667	987.5	606.7	112
2890.000	993.0	607.7	169
2893.333	992.3	606.9	430
2896.667	992.1	607.0	244
2900.000	998.4	611.0	265
2903.333	1001.3	616.0	148
2906.667	986.9	602.9	210
2910.000	985.3	608.4	448
2913.333	997.1	611.6	152
2916.667	992.4	606.1	463
2920.000	987.8	609.8	197
2923.333	993.6	612.9	335
2926.667	994.9	610.3	1555
2930.000	990.7	611.3	4521
2933.333	985.9	611.2	9732
2936.667	956.0	634.7	15687
2940.000	905.7	682.2	20653
2943.333	844.6	765.1	23382
2946.667	782.2	837.2	21745
2950.000	736.9	897.5	18464
2953.333	683.1	922.0	14883
2956.667	648.6	895.4	13227
2960.000	630.7	938.0	14942
2963.333	629.0	1006.2	20134
2966.667	625.3	1089.1	25360
2970.000	614.2	1182.7	NaN
2973.333	587.3	1294.8	NaN
2976.667	549.7	1376.5	NaN
2980.000	NaN	NaN	NaN
2983.333	NaN	NaN	NaN
2986.667	NaN	NaN	NaN
2990.000	NaN	NaN	NaN
2993.333	NaN	NaN	NaN
2996.667	NaN	NaN	NaN
3000.000	NaN	NaN	NaN
3003.333	NaN	NaN	NaN
3006.667	NaN	NaN	NaN
3010.000	NaN	NaN	NaN
3013.333	NaN	NaN	NaN
3016.667	NaN	NaN	NaN
3020.000	NaN	NaN	NaN
3023.333	NaN	NaN	NaN
3026.667	NaN	NaN	NaN
3030.000	NaN	NaN	NaN
3033.333	NaN	NaN	NaN
3036.667	NaN	NaN	NaN
3040.000	NaN	NaN	NaN
3043.333	NaN	NaN	NaN
3046.667	NaN	NaN	NaN
3050.000	NaN	NaN	NaN
3053.333	NaN	NaN	NaN
3056.667	NaN	NaN	NaN
3060.000	NaN	NaN	NaN
3063.333	NaN	NaN	NaN
3066.667	NaN	NaN	NaN
3070.000	NaN	NaN	NaN
3073.333	NaN	NaN	NaN
3076.667	NaN	NaN	NaN
3080.000	NaN	NaN	NaN
3083.333	NaN	NaN	NaN
3086.667	NaN	NaN	NaN
3090.000	NaN	NaN	NaN
3093.333	NaN	NaN	NaN
3096.667	NaN	NaN	NaN
3100.000	NaN	NaN	NaN
3103.333	NaN	NaN	NaN
3106.667	NaN	NaN	NaN
3110.000	-593.3	1576.7	NaN
3113.333	-591.7	1548.2	NaN
3116.667	NaN	NaN	NaN
3120.000	1029.7	1336.5	NaN
3123.333	1034.1	1337.3	NaN
3126.667	1028.2	1327.2	NaN
3130.000	1019.7	1320.6	753
3133.333	1028.9	1334.0	11070
3136.667	1025.5	1320.1	18226
3140.000	1024.1	1325.1	21859
3143.333	701.8	1426.4	21880
3146.667	698.1	1421.0	18031
3150.000	695.4	1418.0	10535
3153.333	697.7	1403.8	1683
3156.667	695.6	1382.8	1755
3160.000	703.3	1401.7	NaN
3163.333	700.8	1398.6	NaN
3166.667	694.5	1380.0	NaN
3170.000	NaN	NaN	NaN
3173.333	NaN	NaN	NaN
3176.667	NaN	NaN	NaN
3180.000	NaN	NaN	NaN
3183.333	665.3	1367.7	NaN
3186.667	677.8	1358.3	NaN
3190.000	681.0	1353.6	NaN
3193.333	675.8	1361.0	795
3196.667	667.4	1376.6	1105
3200.000	676.0	1363.0	100
3203.333	679.3	1380.2	1676
3206.667	676.8	1374.2	1918
3210.000	673.3	1344.1	769
3213.333	703.5	1337.7	485
3216.667	697.5	1368.0	1600
3220.000	671.4	1365.9	2983
3223.333	660.3	1381.9	2339
3226.667	664.9	1378.3	1143
3230.000	655.5	1386.4	1466
3233.333	670.5	1357.3	2042
3236.667	667.8	1356.7	1881
3240.000	668.2	1344.2	1405
3243.333	671.6	1353.5	270
3246.667	678.0	1350.9	651
3250.000	675.3	1356.7	921
3253.333	669.5	1359.3	803
3256.667	662.0	1365.4	644
3260.000	661.1	1356.9	385
3263.333	666.8	1360.8	136
3266.667	675.1	1365.4	1034
3270.000	671.2	1342.2	996
3273.333	657.0	1368.0	775
3276.667	648.4	1392.8	978
3280.000	668.4	1363.7	1092
3283.333	674.5	1368.8	1280
3286.667	675.5	1378.9	1244
3290.000	668.0	1371.9	1104
3293.333	681.4	1376.4	1089
3296.667	679.3	1373.5	1082
3300.000	674.1	1394.0	774
3303.333	677.0	1391.7	928
3306.667	680.4	1392.4	803
3310.000	672.4	1379.1	211
3313.333	676.0	1401.0	404
3316.667	682.0	1398.0	569
3320.000	674.5	1393.1	615
3323.333	674.1	1397.0	120
3326.667	677.4	1400.7	170
3330.000	682.9	1396.5	290
3333.333	674.1	1395.7	396
3336.667	674.1	1397.4	652
3340.000	672.2	1402.8	662
3343.333	671.6	1403.8	626
3346.667	672.4	1408.9	534
3350.000	673.5	1402.8	284
3353.333	673.2	1409.5	541
3356.667	666.0	1408.4	564
3360.000	680.6	1406.8	461
3363.333	685.2	1400.7	181
3366.667	678.9	1406.3	318
3370.000	677.6	1408.9	593
3373.333	671.6	1408.6	532
3376.667	676.6	1414.2	149
3380.000	676.2	1410.5	145
3383.333	675.5	1407.6	426
3386.667	674.5	1408.3	1336
3390.000	679.5	1414.2	3761
3393.333	683.5	1410.0	7012
3396.667	710.2	1424.2	10857
3400.000	760.1	1438.5	13101
3403.333	814.1	1456.1	12943
3406.667	884.2	1463.2	10008
3410.000	908.7	1457.7	5838
3413.333	906.4	1449.0	2358
3416.667	890.9	1448.1	2270
3420.000	882.8	1437.9	2311
3423.333	874.8	1426.2	1237
3426.667	871.5	1432.0	522
3430.000	878.6	1435.0	2049
3433.333	883.2	1444.2	2830
3436.667	895.1	1456.2	2749
3440.000	908.7	1460.6	2088
3443.333	912.4	1456.1	912
3446.667	912.6	1458.4	389
3450.000	911.0	1455.2	1035
3453.333	899.3	1450.0	1567
3456.667	894.3	1454.0	1644
3460.000	897.4	1448.5	1062
3463.333	889.7	1432.9	247
3466.667	889.5	1439.4	336
3470.000	892.4	1449.8	576
3473.333	903.4	1448.2	929
3476.667	899.3	1445.1	848
3480.000	901.8	1446.6	320
3483.333	906.8	1438.3	528
3486.667	906.8	1446.4	671
3490.000	891.3	1444.0	881
3493.333	891.8	1442.9	428
3496.667	890.3	1445.7	130
3500.000	890.5	1445.0	346
3503.333	904.7	1438.3	211
3506.667	897.6	1445.5	345
3510.000	893.4	1444.5	481
3513.333	893.6	1445.8	438
3516.667	898.0	1452.1	580
3520.000	896.6	1450.8	489
3523.333	904.3	1445.9	423
3526.667	905.7	1450.4	62
3530.000	898.4	1444.7	146
3533.333	902.0	1444.8	290
3536.667	896.6	1458.3	179
3540.000	900.7	1448.3	549
3543.333	905.5	1451.4	296
3546.667	904.9	1449.1	179
3550.000	907.6	1453.8	654
3553.333	900.9	1452.8	459
3556.667	901.1	1456.4	238
3560.000	899.3	1463.3	387
3563.333	902.6	1452.4	299
3566.667	901.8	1449.3	507
3570.000	896.3	1451.1	465
3573.333	908.9	1453.7	116
3576.667	902.4	1448.5	371
3580.000	893.8	1450.3	261
3583.333	902.4	1451.7	358
3586.667	893.0	1456.1	206
3590.000	898.8	1448.7	482
3593.333	900.5	1452.2	110
3596.667	904.1	1452.3	398
3600.000	905.1	1451.7	228
3603.333	890.7	1450.5	308
3606.667	907.6	1448.8	507
3610.000	900.5	1458.3	579
3613.333	898.8	1458.1	431
3616.667	898.0	1459.5	308
3620.000	896.8	1459.5	337
3623.333	902.6	1455.8	318
3626.667	900.7	1457.4	256
3630.000	908.0	1458.1	137
3633.333	900.7	1458.8	277
3636.667	899.7	1454.1	539
3640.000	900.7	1456.4	681
3643.333	897.8	1453.7	279
3646.667	891.5	1456.1	1113
3650.000	894.0	1456.1	1012
3653.333	899.5	1460.8	579
3656.667	900.3	1415.8	696
3660.000	900.3	1448.8	564
3663.333	901.8	1458.5	863
3666.667	907.6	1459.4	1557
3670.000	902.2	1453.1	285
3673.333	891.5	1458.9	667
3676.667	898.0	1458.6	481
3680.000	900.5	1453.2	354
3683.333	892.0	1447.5	583
3686.667	904.9	1451.5	660
3690.000	898.0	1451.1	662
3693.333	889.9	1446.3	617
3696.667	897.8	1442.2	443
3700.000	898.0	1438.2	153
3703.333	894.3	1440.3	566
3706.667	894.7	1451.8	523
3710.000	900.7	1447.7	313
3713.333	899.1	1452.6	185
3716.667	896.6	1446.3	189
3720.000	898.4	1443.1	373
3723.333	894.7	1452.2	311
3726.667	894.0	1448.9	81
3730.000	895.7	1441.0	68
3733.333	896.8	1445.6	254
3736.667	895.9	1450.4	273
3740.000	894.5	1445.4	294
3743.333	889.0	1445.6	214
3746.667	890.9	1447.6	212
3750.000	901.6	1450.4	418
3753.333	900.5	1447.1	344
3756.667	892.4	1452.3	695
3760.000	892.2	1453.7	665
3763.333	887.4	1451.0	629
3766.667	895.3	1465.2	315
3770.000	891.6	1452.9	550
3773.333	880.5	1440.8	348
3776.667	896.6	1450.7	493
3780.000	891.1	1444.9	283
3783.333	888.4	1454.4	391
3786.667	901.1	1449.3	194
3790.000	887.0	1452.2	348
3793.333	891.8	1447.3	576
3796.667	902.6	1449.4	1026
3800.000	895.3	1451.1	3322
3803.333	904.3	1458.9	6205
3806.667	920.3	1441.7	10031
3810.000	968.6	1431.4	14408
3813.333	1024.1	1406.1	17438
3816.667	1079.4	1359.5	18378
3820.000	1139.3	1318.0	17693
3823.333	1186.2	1285.5	16020
3826.667	1224.2	1269.3	14314
3830.000	1256.6	1240.4	13409
3833.333	1293.1	1226.3	12913
3836.667	1335.7	1207.3	12414
3840.000	1382.6	1184.2	10575
3843.333	1417.3	1181.4	7947
3846.667	1442.5	1171.2	4673
3850.000	1441.5	1180.4	2850
3853.333	1445.6	1202.8	2003
3856.667	1431.0	1200.7	1811
3860.000	1450.8	1202.5	2623
3863.333	1463.8	1193.0	3270
3866.667	1473.8	1192.6	3301
3870.000	1493.4	1188.6	2353
3873.333	1494.5	1187.7	1279
3876.667	1492.2	1189.9	266
3880.000	1496.6	1191.7	714
3883.333	1488.6	1189.4	1018
3886.667	1484.2	1193.4	949
3890.000	1481.5	1194.6	786
3893.333	1476.7	1196.3	253
3896.667	1478.4	1186.3	225
3900.000	1481.5	1192.2	485
3903.333	1487.2	1199.7	552
3906.667	1484.2	1195.8	534
3910.000	1482.4	1202.7	212
3913.333	1484.9	1196.6	75
3916.667	1486.3	1196.5	22
3920.000	1487.2	1197.8	75
3923.333	1481.7	1201.0	283
3926.667	1484.2	1195.9	208
3930.000	1483.6	1203.9	291
3933.333	1484.9	1200.7	183
3936.667	1480.7	1193.9	109
3940.000	1478.6	1200.2	432
3943.333	1487.8	1195.9	202
3946.667	1484.0	1198.0	183
3950.000	1484.2	1191.8	196
3953.333	1485.5	1198.7	51
3956.667	1482.8	1194.8	211
3960.000	1486.8	1197.9	177
3963.333	1487.8	1194.4	464
3966.667	1483.8	1190.6	408
3970.000	1489.0	1198.8	229
3973.333	1491.6	1187.4	294
3976.667	1491.8	1198.8	332
3980.000	1482.6	1203.1	601
3983.333	1484.7	1194.7	614
3986.667	1479.6	1190.5	284
3990.000	1480.9	1200.9	268
3993.333	1483.6	1200.0	229
3996.667	1484.4	1195.3	200
4000.000	1487.6	1193.8	290
4003.333	1485.3	1194.7	11
4006.667	1481.5	1196.2	55
4010.000	1487.6	1196.5	112
4013.333	1483.8	1198.5	112
4016.667	1487.0	1193.1	112
4020.000	1487.4	1197.2	112
