time	x	y	v
0.000	894.9	379.2	2011
3.333	867.6	358.7	2011
6.667	874.9	344.2	2011
10.000	897.4	346.8	2011
13.333	873.4	332.6	1618
16.667	873.2	341.7	375
20.000	890.9	331.8	1415
23.333	890.3	325.1	2164
26.667	881.5	350.1	2417
30.000	872.4	382.4	2044
33.333	870.1	366.3	579
36.667	858.4	366.3	893
40.000	906.0	361.7	1881
43.333	894.9	330.4	1839
46.667	879.7	374.8	1103
50.000	887.4	340.8	1002
53.333	890.3	330.7	272
56.667	876.7	349.6	1175
60.000	885.1	353.7	183
63.333	889.3	335.1	410
66.667	887.6	335.1	535
70.000	883.4	348.2	1122
73.333	879.2	349.2	50
76.667	876.1	333.0	829
80.000	899.9	315.7	1208
83.333	883.2	351.6	511
86.667	877.6	318.4	667
90.000	895.1	327.2	1728
93.333	871.1	367.7	1010
96.667	890.7	327.1	1598
100.000	875.5	364.8	1516
103.333	898.9	349.4	1376
106.667	880.7	353.8	1145
110.000	877.4	375.5	756
113.333	890.5	380.2	666
116.667	884.5	343.7	406
120.000	860.5	369.8	1065
123.333	900.5	367.7	1273
126.667	875.3	375.1	292
130.000	856.3	350.2	967
133.333	873.0	349.8	1205
136.667	898.0	357.0	1034
140.000	887.2	367.5	489
143.333	891.6	335.3	911
146.667	877.6	369.1	1447
150.000	870.5	343.5	1007
153.333	874.2	378.0	897
156.667	896.4	388.9	1019
160.000	885.3	360.2	1269
163.333	890.7	351.0	693
166.667	883.6	391.8	643
170.000	876.3	385.1	182
173.333	875.5	387.4	771
176.667	888.8	353.2	1603
180.000	883.8	358.9	1959
183.333	885.5	359.6	802
186.667	886.7	369.9	1527
190.000	878.4	334.3	1830
193.333	857.3	390.2	1111
196.667	870.3	368.6	729
200.000	848.3	359.1	903
203.333	886.1	376.1	848
206.667	866.5	366.1	327
210.000	864.8	375.8	950
213.333	866.9	359.5	824
216.667	871.3	376.4	560
220.000	866.3	389.4	774
223.333	862.1	373.6	683
226.667	882.6	367.8	1064
230.000	879.4	381.0	1237
233.333	877.2	362.0	782
236.667	875.7	364.1	1417
240.000	870.0	360.8	338
243.333	848.8	392.0	441
246.667	862.8	372.4	503
250.000	888.2	360.8	281
253.333	869.0	346.8	328
256.667	858.8	368.8	560
260.000	870.0	384.2	778
263.333	864.0	380.3	1132
266.667	871.1	362.7	515
270.000	901.6	364.1	588
273.333	851.5	390.4	751
276.667	873.8	365.0	1299
280.000	858.8	370.5	287
283.333	868.6	394.2	1174
286.667	877.4	387.4	651
290.000	894.5	359.2	300
293.333	867.6	383.6	759
296.667	871.9	383.8	878
300.000	868.2	383.0	875
303.333	871.5	368.0	412
306.667	890.1	354.6	538
310.000	870.3	409.4	584
313.333	871.9	383.4	217
316.667	863.8	385.3	1414
320.000	884.2	379.3	809
323.333	870.9	360.1	749
326.667	853.4	418.8	260
330.000	856.3	386.4	629
333.333	877.1	390.5	216
336.667	880.9	372.2	1437
340.000	854.0	392.5	532
343.333	867.1	387.2	628
346.667	865.7	374.5	432
350.000	878.0	378.5	630
353.333	884.2	375.0	1189
356.667	864.8	375.6	1702
360.000	869.0	399.0	1504
363.333	877.6	407.9	1736
366.667	876.9	399.6	3026
370.000	870.5	397.4	1787
373.333	872.4	414.0	645
376.667	874.2	462.8	915
380.000	857.5	411.0	1721
383.333	869.8	374.1	2316
386.667	864.8	393.8	2546
390.000	871.7	387.2	548
393.333	847.7	402.2	903
396.667	871.7	385.6	2463
400.000	847.3	409.4	4798
403.333	853.4	366.9	6917
406.667	816.8	357.6	8120
410.000	774.9	339.2	7724
413.333	747.6	324.8	7619
416.667	750.9	316.0	5946
420.000	736.1	325.0	5366
423.333	689.1	325.2	6212
426.667	700.8	313.2	6275
430.000	662.4	314.6	5801
433.333	630.5	284.5	3933
436.667	640.1	302.0	2645
440.000	622.8	287.6	1147
443.333	645.3	280.7	1203
446.667	640.5	299.3	1167
450.000	653.0	276.2	1175
453.333	652.6	305.9	564
456.667	654.0	294.0	639
460.000	647.4	289.0	1473
463.333	637.8	298.9	1031
466.667	638.0	275.9	948
470.000	629.2	270.2	195
473.333	651.8	301.3	564
476.667	641.5	268.6	809
480.000	637.4	306.1	964
483.333	651.6	279.1	694
486.667	645.7	286.2	1488
490.000	648.2	300.6	675
493.333	653.6	306.3	1212
496.667	640.1	306.8	549
500.000	635.5	300.7	286
503.333	637.1	296.4	839
506.667	647.6	303.5	1210
510.000	649.9	297.6	733
513.333	638.4	285.8	342
516.667	644.4	280.2	537
520.000	646.1	298.2	402
523.333	649.9	309.4	735
526.667	641.5	275.2	353
530.000	653.2	305.2	610
533.333	646.5	295.9	823
536.667	645.5	293.8	836
540.000	639.0	284.7	389
543.333	629.6	299.7	91
546.667	650.5	306.9	1127
550.000	644.5	291.5	920
553.333	644.0	287.3	1641
556.667	667.0	313.2	1033
560.000	642.6	293.2	922
563.333	678.1	296.8	481
566.667	660.3	306.5	1060
570.000	652.4	302.0	850
573.333	633.0	292.7	1590
576.667	653.0	296.1	857
580.000	643.4	289.9	466
583.333	640.9	299.2	1380
586.667	652.4	285.6	1124
590.000	658.0	306.6	1100
593.333	659.3	315.0	545
596.667	651.5	308.6	93
600.000	647.6	305.2	597
603.333	629.4	286.6	770
606.667	675.6	299.3	666
610.000	662.0	307.5	851
613.333	654.1	296.6	960
616.667	650.5	322.4	265
620.000	649.2	307.4	563
623.333	673.5	295.7	972
626.667	662.8	308.1	1452
630.000	646.5	291.3	331
633.333	655.3	287.0	1074
636.667	670.7	294.9	956
640.000	650.5	305.1	1552
643.333	646.8	316.4	1371
646.667	640.5	303.4	1001
650.000	679.7	318.9	1124
653.333	664.3	312.6	490
656.667	654.0	320.1	612
660.000	668.2	317.0	1793
663.333	647.0	295.5	1192
666.667	643.2	310.7	918
670.000	651.1	295.4	455
673.333	648.6	304.7	701
676.667	646.7	307.0	841
680.000	654.3	304.2	294
683.333	657.4	310.4	153
686.667	661.8	292.5	519
690.000	634.2	310.4	806
693.333	658.6	304.0	1432
696.667	644.9	292.5	925
700.000	639.6	318.9	789
703.333	625.5	309.9	372
706.667	671.8	316.5	729
710.000	655.9	301.1	1072
713.333	630.7	292.9	780
716.667	663.4	313.8	754
720.000	654.1	303.4	1768
723.333	658.9	316.9	1802
726.667	656.3	325.3	2089
730.000	671.2	324.0	3998
733.333	679.3	291.8	5365
736.667	684.9	269.9	4783
740.000	688.3	236.4	4220
743.333	681.2	234.4	2969
746.667	693.9	262.4	1790
750.000	693.9	227.9	1833
753.333	682.6	219.5	2134
756.667	678.5	228.0	1459
760.000	695.0	198.0	773
763.333	712.3	216.5	1237
766.667	701.0	238.4	981
770.000	687.4	236.1	1554
773.333	706.6	222.2	812
776.667	696.0	230.8	490
780.000	685.4	238.5	574
783.333	702.1	236.3	998
786.667	682.9	233.0	64
790.000	685.2	235.3	453
793.333	683.5	221.3	416
796.667	704.8	243.1	467
800.000	695.4	245.3	501
803.333	685.8	238.4	894
806.667	685.8	235.5	361
810.000	690.0	243.0	313
813.333	702.1	251.9	955
816.667	691.8	228.5	760
820.000	692.4	239.0	1194
823.333	685.1	211.5	1625
826.667	672.6	248.0	1124
830.000	678.1	236.0	1115
833.333	667.6	249.5	1196
836.667	693.9	244.1	1230
840.000	682.6	251.0	954
843.333	680.1	243.3	820
846.667	698.9	262.7	353
850.000	691.4	230.7	1188
853.333	686.8	243.4	1351
856.667	687.0	242.4	2057
860.000	676.4	221.5	1138
863.333	668.7	235.3	767
866.667	664.5	230.9	629
870.000	681.8	223.5	1323
873.333	685.2	230.8	1280
876.667	690.2	225.9	957
880.000	693.1	243.8	432
883.333	681.6	245.4	765
886.667	688.9	224.7	472
890.000	691.8	230.5	718
893.333	701.0	252.3	718
896.667	676.0	238.8	426
900.000	670.5	238.6	435
903.333	678.5	224.7	950
906.667	694.8	235.4	1231
910.000	694.8	232.8	1333
913.333	707.3	245.3	999
916.667	684.1	227.4	398
920.000	702.5	244.6	169
923.333	691.4	248.0	345
926.667	696.0	213.5	555
930.000	703.3	243.1	833
933.333	687.2	240.3	1106
936.667	695.6	248.4	622
940.000	686.8	214.9	958
943.333	685.8	213.9	172
946.667	692.5	229.5	89
950.000	687.6	236.3	619
953.333	692.9	238.7	565
956.667	693.7	224.7	638
960.000	683.7	223.8	723
963.333	674.1	213.4	476
966.667	693.3	233.4	569
970.000	671.8	239.0	957
973.333	689.9	229.2	1063
976.667	677.0	224.2	1124
980.000	676.2	247.0	859
983.333	673.0	240.5	1042
986.667	668.7	246.9	867
990.000	677.0	246.5	1195
993.333	682.2	245.2	1606
996.667	698.5	226.4	1723
1000.000	690.8	248.1	1514
1003.333	699.1	232.5	1881
1006.667	700.4	234.1	2045
1010.000	697.3	217.8	1960
1013.333	681.6	197.0	1641
1016.667	678.5	207.6	1552
1020.000	692.2	219.0	947
1023.333	693.3	198.1	1292
1026.667	684.3	194.2	1800
1030.000	683.9	194.2	1136
1033.333	698.3	178.1	247
1036.667	699.8	184.8	294
1040.000	691.6	198.9	739
1043.333	678.3	192.0	1627
1046.667	694.1	197.0	1515
1050.000	709.1	196.5	502
1053.333	717.9	214.1	540
1056.667	703.3	208.5	597
1060.000	679.1	192.1	1324
1063.333	701.4	203.8	1534
1066.667	703.5	183.0	1191
1070.000	692.4	187.6	1494
1073.333	702.1	185.8	507
1076.667	702.3	183.0	1294
1080.000	715.8	176.8	1557
1083.333	699.3	196.8	1887
1086.667	713.1	215.5	1609
1090.000	707.3	206.7	1506
1093.333	706.6	215.4	573
1096.667	696.0	203.0	176
1100.000	709.4	218.3	187
1103.333	718.7	208.1	600
1106.667	702.9	208.3	577
1110.000	707.3	206.9	1451
1113.333	689.1	201.9	1431
1116.667	697.7	205.5	1016
1120.000	684.3	210.9	554
1123.333	691.2	218.2	1049
1126.667	690.6	217.6	726
1130.000	707.5	209.4	1397
1133.333	713.1	197.3	764
1136.667	689.3	201.7	652
1140.000	712.3	201.9	1098
1143.333	673.9	209.2	1287
1146.667	698.9	202.0	1090
1150.000	693.7	222.8	906
1153.333	687.4	212.5	1676
1156.667	696.8	223.9	583
1160.000	713.1	213.9	914
1163.333	714.4	211.7	1022
1166.667	694.5	211.4	1018
1170.000	702.5	206.9	839
1173.333	701.2	195.0	1564
1176.667	708.3	206.4	1103
1180.000	696.4	204.6	935
1183.333	672.0	187.6	710
1186.667	693.7	195.4	371
1190.000	691.2	219.1	1795
1193.333	691.4	190.6	1774
1196.667	706.4	216.6	1093
1200.000	706.6	232.3	1321
1203.333	694.8	205.2	1006
1206.667	710.8	214.3	1169
1210.000	722.7	213.7	1113
1213.333	710.4	199.5	864
1216.667	703.5	200.4	1903
1220.000	704.3	206.0	2626
1223.333	689.1	194.0	2212
1226.667	688.1	189.4	1776
1230.000	681.6	167.9	1683
1233.333	680.3	179.5	935
1236.667	682.2	188.5	1422
1240.000	663.2	192.8	1515
1243.333	677.8	193.5	1642
1246.667	669.3	202.9	1015
1250.000	691.0	197.7	775
1253.333	674.5	221.0	601
1256.667	663.2	199.0	873
1260.000	690.2	197.9	929
1263.333	691.6	199.3	1862
1266.667	682.8	190.3	1282
1270.000	698.3	199.7	483
1273.333	710.0	210.1	481
1276.667	686.2	201.3	600
1280.000	688.5	204.4	348
1283.333	691.6	174.3	611
1286.667	699.6	227.0	369
1290.000	692.9	200.0	85
1293.333	686.8	215.0	496
1296.667	689.5	196.9	1843
1300.000	694.1	196.0	799
1303.333	685.6	185.0	837
1306.667	696.4	186.3	419
1310.000	698.7	200.8	934
1313.333	687.4	190.7	1201
1316.667	696.2	206.4	639
1320.000	683.7	208.7	131
1323.333	681.0	202.9	125
1326.667	694.3	191.8	229
1330.000	697.9	197.3	363
1333.333	682.8	206.3	681
1336.667	689.5	202.9	683
1340.000	689.1	212.5	509
1343.333	676.2	205.3	207
1346.667	685.4	186.1	372
1350.000	685.1	213.3	658
1353.333	683.5	202.7	772
1356.667	690.6	195.3	426
1360.000	685.2	193.9	365
1363.333	698.5	205.3	296
1366.667	687.9	188.8	585
1370.000	690.4	216.2	1542
1373.333	674.1	193.6	1457
1376.667	682.6	190.6	616
1380.000	662.2	173.1	919
1383.333	678.5	202.5	281
1386.667	681.6	198.9	635
1390.000	658.8	203.0	930
1393.333	676.4	181.9	895
1396.667	680.8	204.3	513
1400.000	684.9	195.8	329
1403.333	690.6	186.6	526
1406.667	670.8	196.5	660
1410.000	669.3	200.9	786
1413.333	684.7	199.8	1050
1416.667	671.8	184.4	1044
1420.000	681.2	217.7	1186
1423.333	666.8	206.4	1053
1426.667	666.4	218.5	393
1430.000	660.3	210.1	740
1433.333	669.3	199.5	811
1436.667	670.3	191.6	888
1440.000	679.1	210.9	1202
1443.333	676.2	203.9	969
1446.667	679.9	214.8	666
1450.000	687.2	206.2	560
1453.333	686.0	199.0	1312
1456.667	677.4	212.7	1064
1460.000	669.3	194.4	215
1463.333	683.7	174.6	322
1466.667	700.2	206.7	478
1470.000	673.0	207.6	427
1473.333	687.9	202.1	535
1476.667	678.1	185.2	845
1480.000	684.9	199.7	198
1483.333	682.8	200.4	266
1486.667	674.5	195.5	564
1490.000	682.2	201.0	927
1493.333	692.2	185.4	704
1496.667	691.0	194.3	339
1500.000	695.6	188.7	734
1503.333	675.6	187.7	902
1506.667	683.9	194.7	856
1510.000	676.8	180.7	825
1513.333	678.9	201.3	67
1516.667	675.6	183.0	347
1520.000	671.6	190.0	616
1523.333	682.9	188.5	154
1526.667	684.3	203.9	355
1530.000	689.7	180.4	514
1533.333	663.6	194.0	721
1536.667	671.6	191.4	1091
1540.000	691.2	206.5	1720
1543.333	687.2	205.3	1246
1546.667	673.3	216.9	737
1550.000	681.8	213.8	630
1553.333	677.6	211.4	1912
1556.667	691.2	206.5	1490
1560.000	704.3	198.1	8300
1563.333	701.6	174.6	NaN
1566.667	678.7	284.8	NaN
1570.000	676.2	433.7	NaN
1573.333	NaN	NaN	NaN
1576.667	NaN	NaN	NaN
1580.000	NaN	NaN	NaN
1583.333	NaN	NaN	NaN
1586.667	NaN	NaN	NaN
1590.000	NaN	NaN	NaN
1593.333	NaN	NaN	NaN
1596.667	NaN	NaN	NaN
1600.000	NaN	NaN	NaN
1603.333	NaN	NaN	NaN
1606.667	NaN	NaN	NaN
1610.000	NaN	NaN	NaN
1613.333	NaN	NaN	NaN
1616.667	NaN	NaN	NaN
1620.000	NaN	NaN	NaN
1623.333	NaN	NaN	NaN
1626.667	NaN	NaN	NaN
1630.000	NaN	NaN	NaN
1633.333	NaN	NaN	NaN
1636.667	NaN	NaN	NaN
1640.000	NaN	NaN	NaN
1643.333	NaN	NaN	NaN
1646.667	NaN	NaN	NaN
1650.000	NaN	NaN	NaN
1653.333	NaN	NaN	NaN
1656.667	NaN	NaN	NaN
1660.000	NaN	NaN	NaN
1663.333	NaN	NaN	NaN
1666.667	NaN	NaN	NaN
1670.000	NaN	NaN	NaN
1673.333	NaN	NaN	NaN
1676.667	NaN	NaN	NaN
1680.000	NaN	NaN	NaN
1683.333	NaN	NaN	NaN
1686.667	NaN	NaN	NaN
1690.000	NaN	NaN	NaN
1693.333	NaN	NaN	NaN
1696.667	NaN	NaN	NaN
1700.000	NaN	NaN	NaN
1703.333	NaN	NaN	NaN
1706.667	NaN	NaN	NaN
1710.000	NaN	NaN	NaN
1713.333	NaN	NaN	NaN
1716.667	NaN	NaN	NaN
1720.000	NaN	NaN	NaN
1723.333	NaN	NaN	NaN
1726.667	NaN	NaN	NaN
1730.000	NaN	NaN	NaN
1733.333	NaN	NaN	NaN
1736.667	NaN	NaN	NaN
1740.000	NaN	NaN	NaN
1743.333	NaN	NaN	NaN
1746.667	NaN	NaN	NaN
1750.000	NaN	NaN	NaN
1753.333	NaN	NaN	NaN
1756.667	NaN	NaN	NaN
1760.000	NaN	NaN	NaN
1763.333	NaN	NaN	NaN
1766.667	NaN	NaN	NaN
1770.000	NaN	NaN	NaN
1773.333	NaN	NaN	NaN
1776.667	NaN	NaN	NaN
1780.000	NaN	NaN	NaN
1783.333	NaN	NaN	NaN
1786.667	NaN	NaN	NaN
1790.000	NaN	NaN	NaN
1793.333	NaN	NaN	NaN
1796.667	NaN	NaN	NaN
1800.000	1109.4	1608.9	NaN
1803.333	NaN	NaN	NaN
1806.667	NaN	NaN	NaN
1810.000	NaN	NaN	NaN
1813.333	NaN	NaN	NaN
1816.667	NaN	NaN	NaN
1820.000	NaN	NaN	NaN
1823.333	1113.8	1528.7	NaN
1826.667	1113.8	1528.7	NaN
1830.000	NaN	NaN	NaN
1833.333	NaN	NaN	NaN
1836.667	1101.3	1585.7	NaN
1840.000	1044.1	1734.9	NaN
1843.333	987.1	1648.1	NaN
1846.667	946.4	1688.1	NaN
1850.000	NaN	NaN	NaN
1853.333	930.0	1618.3	NaN
1856.667	923.7	1643.7	NaN
1860.000	NaN	NaN	NaN
1863.333	NaN	NaN	NaN
1866.667	NaN	NaN	NaN
1870.000	933.9	1649.8	NaN
1873.333	923.9	1598.5	NaN
1876.667	933.3	1607.6	NaN
1880.000	925.1	1686.9	1860
1883.333	947.7	1666.8	2015
1886.667	942.0	1674.1	91
1890.000	942.9	1631.4	1456
1893.333	946.0	1639.4	1945
1896.667	922.0	1653.6	1852
1900.000	905.1	1679.4	1101
1903.333	927.4	1624.8	798
1906.667	922.0	1628.0	1298
1910.000	923.3	1654.2	922
1913.333	942.1	1631.4	552
1916.667	922.6	1643.2	436
1920.000	913.5	1639.9	768
1923.333	927.4	1636.6	1716
1926.667	935.8	1625.3	1059
1930.000	906.0	1647.3	1550
1933.333	895.7	1652.2	1519
1936.667	911.8	1617.3	1638
1940.000	912.0	1602.7	2074
1943.333	919.7	1619.7	2372
1946.667	923.9	1609.3	987
1950.000	918.3	1620.1	1307
1953.333	945.8	1603.0	1616
1956.667	920.1	1612.2	980
1960.000	916.6	1571.0	483
1963.333	944.4	1602.0	342
1966.667	913.2	1601.7	699
1970.000	922.6	1612.7	1128
1973.333	934.7	1593.1	194
1976.667	935.0	1584.7	880
1980.000	914.1	1620.4	649
1983.333	944.3	1602.7	1277
1986.667	926.8	1616.5	204
1990.000	917.8	1610.0	547
1993.333	931.6	1615.9	1305
1996.667	926.4	1582.7	1486
2000.000	908.0	1638.4	1192
2003.333	918.1	1616.4	1337
2006.667	903.7	1639.3	1236
2010.000	923.7	1616.9	883
2013.333	917.4	1630.6	557
2016.667	924.5	1625.7	638
2020.000	917.8	1614.8	808
2023.333	893.0	1637.5	1346
2026.667	913.9	1647.9	746
2030.000	922.9	1622.6	463
2033.333	896.6	1656.6	554
2036.667	913.7	1620.6	1345
2040.000	922.9	1628.7	2532
2043.333	906.4	1645.5	5291
2046.667	912.2	1600.2	5417
2050.000	873.6	1584.9	6449
2053.333	858.4	1540.3	5121
2056.667	853.1	1576.3	1187
2060.000	863.8	1528.8	3155
2063.333	857.5	1563.2	3488
2066.667	884.7	1624.6	2802
2070.000	876.3	1628.7	2787
2073.333	872.6	1575.5	184
2076.667	887.8	1596.8	3054
2080.000	852.3	1609.4	1958
2083.333	880.3	1581.3	466
2086.667	875.5	1550.9	2107
2090.000	874.8	1589.4	1686
2093.333	878.6	1586.3	1757
2096.667	870.5	1544.0	831
2100.000	869.0	1571.3	539
2103.333	852.3	1625.8	882
2106.667	886.3	1556.4	741
2110.000	860.5	1589.2	419
2113.333	855.7	1574.9	1062
2116.667	898.9	1548.1	9251
2120.000	860.2	1621.8	6616
2123.333	878.8	1571.2	4007
2126.667	1153.2	1617.1	596
2130.000	873.2	1579.1	2987
2133.333	899.9	1555.2	6675
2136.667	860.0	1601.6	8680
2140.000	867.3	1598.5	184
2143.333	866.1	1576.5	160
2146.667	898.9	1593.4	2025
2150.000	874.8	1566.9	1048
2153.333	884.0	1577.9	940
2156.667	895.7	1579.9	573
2160.000	876.1	1578.9	840
2163.333	871.5	1610.9	823
2166.667	901.8	1581.4	572
2170.000	866.7	1579.9	1206
2173.333	876.9	1595.4	1472
2176.667	883.2	1567.7	485
2180.000	887.0	1567.0	903
2183.333	885.7	1579.9	319
2186.667	872.3	1597.6	1299
2190.000	884.0	1598.1	1108
2193.333	889.0	1571.2	464
2196.667	876.5	1598.8	1771
2200.000	866.3	1590.3	1136
2203.333	886.3	1571.4	861
2206.667	886.3	1554.6	2551
2210.000	882.0	1583.0	1144
2213.333	902.2	1581.0	1065
2216.667	893.8	1532.5	587
2220.000	878.8	1580.0	116
2223.333	860.4	1590.4	219
2226.667	902.0	1567.0	1648
2230.000	895.3	1576.0	1334
2233.333	898.2	1561.2	1054
2236.667	895.3	1594.0	2022
2240.000	877.6	1615.5	1477
2243.333	867.8	1583.7	1135
2246.667	882.2	1587.8	227
2250.000	881.7	1593.3	895
2253.333	895.1	1604.6	371
2256.667	875.7	1591.8	963
2260.000	887.2	1584.3	1133
2263.333	875.5	1579.4	237
2266.667	880.7	1575.1	959
2270.000	881.1	1583.4	635
2273.333	898.2	1607.4	431
2276.667	895.5	1582.4	695
2280.000	879.2	1587.8	1435
2283.333	882.6	1563.4	603
2286.667	904.5	1583.7	666
2290.000	902.6	1566.3	671
2293.333	882.4	1600.9	771
2296.667	884.4	1593.3	994
2300.000	889.9	1582.5	301
2303.333	887.8	1576.7	460
2306.667	883.6	1595.4	747
2310.000	891.5	1577.2	1457
2313.333	868.8	1598.2	533
2316.667	876.5	1593.2	538
2320.000	857.1	1571.3	853
2323.333	899.3	1599.7	1306
2326.667	889.5	1574.3	1625
2330.000	895.5	1583.5	2015
2333.333	879.9	1582.4	880
2336.667	910.1	1574.0	535
2340.000	914.1	1571.3	1174
2343.333	897.0	1585.1	753
2346.667	863.8	1587.0	2826
2350.000	874.2	1579.6	24879
2353.333	927.9	1595.7	NaN
2356.667	941.2	1641.2	NaN
2360.000	121.7	1752.7	NaN
2363.333	NaN	NaN	NaN
2366.667	NaN	NaN	NaN
2370.000	NaN	NaN	NaN
2373.333	NaN	NaN	NaN
2376.667	NaN	NaN	NaN
2380.000	NaN	NaN	NaN
2383.333	NaN	NaN	NaN
2386.667	NaN	NaN	NaN
2390.000	NaN	NaN	NaN
2393.333	NaN	NaN	NaN
2396.667	NaN	NaN	NaN
2400.000	NaN	NaN	NaN
2403.333	NaN	NaN	NaN
2406.667	NaN	NaN	NaN
2410.000	NaN	NaN	NaN
2413.333	NaN	NaN	NaN
2416.667	NaN	NaN	NaN
2420.000	NaN	NaN	NaN
2423.333	NaN	NaN	NaN
2426.667	NaN	NaN	NaN
2430.000	NaN	NaN	NaN
2433.333	NaN	NaN	NaN
2436.667	NaN	NaN	NaN
2440.000	NaN	NaN	NaN
2443.333	NaN	NaN	NaN
2446.667	NaN	NaN	NaN
2450.000	NaN	NaN	NaN
2453.333	NaN	NaN	NaN
2456.667	NaN	NaN	NaN
2460.000	NaN	NaN	NaN
2463.333	NaN	NaN	NaN
2466.667	NaN	NaN	NaN
2470.000	NaN	NaN	NaN
2473.333	NaN	NaN	NaN
2476.667	NaN	NaN	NaN
2480.000	NaN	NaN	NaN
2483.333	NaN	NaN	NaN
2486.667	NaN	NaN	NaN
2490.000	NaN	NaN	NaN
2493.333	NaN	NaN	NaN
2496.667	NaN	NaN	NaN
2500.000	NaN	NaN	NaN
2503.333	NaN	NaN	NaN
2506.667	NaN	NaN	NaN
2510.000	NaN	NaN	NaN
2513.333	NaN	NaN	NaN
2516.667	NaN	NaN	NaN
2520.000	NaN	NaN	NaN
2523.333	NaN	NaN	NaN
2526.667	NaN	NaN	NaN
2530.000	NaN	NaN	NaN
2533.333	NaN	NaN	NaN
2536.667	NaN	NaN	NaN
2540.000	NaN	NaN	NaN
2543.333	NaN	NaN	NaN
2546.667	NaN	NaN	NaN
2550.000	NaN	NaN	NaN
2553.333	NaN	NaN	NaN
2556.667	NaN	NaN	NaN
2560.000	NaN	NaN	NaN
2563.333	NaN	NaN	NaN
2566.667	NaN	NaN	NaN
2570.000	NaN	NaN	NaN
2573.333	NaN	NaN	NaN
2576.667	NaN	NaN	NaN
2580.000	NaN	NaN	NaN
2583.333	NaN	NaN	NaN
2586.667	NaN	NaN	NaN
2590.000	NaN	NaN	NaN
2593.333	NaN	NaN	NaN
2596.667	NaN	NaN	NaN
2600.000	NaN	NaN	NaN
2603.333	NaN	NaN	NaN
2606.667	NaN	NaN	NaN
2610.000	NaN	NaN	NaN
2613.333	NaN	NaN	NaN
2616.667	NaN	NaN	NaN
2620.000	NaN	NaN	NaN
2623.333	NaN	NaN	NaN
2626.667	NaN	NaN	NaN
2630.000	NaN	NaN	NaN
2633.333	NaN	NaN	NaN
2636.667	NaN	NaN	NaN
2640.000	NaN	NaN	NaN
2643.333	NaN	NaN	NaN
2646.667	NaN	NaN	NaN
2650.000	NaN	NaN	NaN
2653.333	NaN	NaN	NaN
2656.667	NaN	NaN	NaN
2660.000	NaN	NaN	NaN
2663.333	NaN	NaN	NaN
2666.667	NaN	NaN	NaN
2670.000	NaN	NaN	NaN
2673.333	NaN	NaN	NaN
2676.667	NaN	NaN	NaN
2680.000	NaN	NaN	NaN
2683.333	NaN	NaN	NaN
2686.667	NaN	NaN	NaN
2690.000	NaN	NaN	NaN
2693.333	NaN	NaN	NaN
2696.667	NaN	NaN	NaN
2700.000	NaN	NaN	NaN
2703.333	NaN	NaN	NaN
2706.667	NaN	NaN	NaN
2710.000	NaN	NaN	NaN
2713.333	NaN	NaN	NaN
2716.667	NaN	NaN	NaN
2720.000	NaN	NaN	NaN
2723.333	NaN	NaN	NaN
2726.667	NaN	NaN	NaN
2730.000	NaN	NaN	NaN
2733.333	NaN	NaN	NaN
2736.667	NaN	NaN	NaN
2740.000	NaN	NaN	NaN
2743.333	NaN	NaN	NaN
2746.667	NaN	NaN	NaN
2750.000	NaN	NaN	NaN
2753.333	NaN	NaN	NaN
2756.667	NaN	NaN	NaN
2760.000	NaN	NaN	NaN
2763.333	NaN	NaN	NaN
2766.667	NaN	NaN	NaN
2770.000	NaN	NaN	NaN
2773.333	NaN	NaN	NaN
2776.667	NaN	NaN	NaN
2780.000	NaN	NaN	NaN
2783.333	NaN	NaN	NaN
2786.667	NaN	NaN	NaN
2790.000	NaN	NaN	NaN
2793.333	NaN	NaN	NaN
2796.667	NaN	NaN	NaN
2800.000	NaN	NaN	NaN
2803.333	NaN	NaN	NaN
2806.667	NaN	NaN	NaN
2810.000	NaN	NaN	NaN
2813.333	NaN	NaN	NaN
2816.667	NaN	NaN	NaN
2820.000	NaN	NaN	NaN
2823.333	NaN	NaN	NaN
2826.667	NaN	NaN	NaN
2830.000	NaN	NaN	NaN
2833.333	NaN	NaN	NaN
2836.667	NaN	NaN	NaN
2840.000	NaN	NaN	NaN
2843.333	NaN	NaN	NaN
2846.667	NaN	NaN	NaN
2850.000	NaN	NaN	NaN
2853.333	NaN	NaN	NaN
2856.667	NaN	NaN	NaN
2860.000	NaN	NaN	NaN
2863.333	NaN	NaN	NaN
2866.667	NaN	NaN	NaN
2870.000	NaN	NaN	NaN
2873.333	NaN	NaN	NaN
2876.667	NaN	NaN	NaN
2880.000	NaN	NaN	NaN
2883.333	NaN	NaN	NaN
2886.667	NaN	NaN	NaN
2890.000	NaN	NaN	NaN
2893.333	NaN	NaN	NaN
2896.667	NaN	NaN	NaN
2900.000	NaN	NaN	NaN
2903.333	NaN	NaN	NaN
2906.667	NaN	NaN	NaN
2910.000	NaN	NaN	NaN
2913.333	NaN	NaN	NaN
2916.667	NaN	NaN	NaN
2920.000	NaN	NaN	NaN
2923.333	NaN	NaN	NaN
2926.667	NaN	NaN	NaN
2930.000	NaN	NaN	NaN
2933.333	NaN	NaN	NaN
2936.667	NaN	NaN	NaN
2940.000	NaN	NaN	NaN
2943.333	NaN	NaN	NaN
2946.667	NaN	NaN	NaN
2950.000	NaN	NaN	NaN
2953.333	NaN	NaN	NaN
2956.667	NaN	NaN	NaN
2960.000	NaN	NaN	NaN
2963.333	NaN	NaN	NaN
2966.667	NaN	NaN	NaN
2970.000	NaN	NaN	NaN
2973.333	NaN	NaN	NaN
2976.667	NaN	NaN	NaN
2980.000	NaN	NaN	NaN
2983.333	NaN	NaN	NaN
2986.667	NaN	NaN	NaN
2990.000	NaN	NaN	NaN
2993.333	NaN	NaN	NaN
2996.667	NaN	NaN	NaN
3000.000	NaN	NaN	NaN
3003.333	NaN	NaN	NaN
3006.667	NaN	NaN	NaN
3010.000	NaN	NaN	NaN
3013.333	NaN	NaN	NaN
3016.667	NaN	NaN	NaN
3020.000	NaN	NaN	NaN
3023.333	NaN	NaN	NaN
3026.667	NaN	NaN	NaN
3030.000	NaN	NaN	NaN
3033.333	NaN	NaN	NaN
3036.667	NaN	NaN	NaN
3040.000	NaN	NaN	NaN
3043.333	NaN	NaN	NaN
3046.667	NaN	NaN	NaN
3050.000	NaN	NaN	NaN
3053.333	NaN	NaN	NaN
3056.667	NaN	NaN	NaN
3060.000	NaN	NaN	NaN
3063.333	NaN	NaN	NaN
3066.667	NaN	NaN	NaN
3070.000	NaN	NaN	NaN
3073.333	NaN	NaN	NaN
3076.667	NaN	NaN	NaN
3080.000	NaN	NaN	NaN
3083.333	NaN	NaN	NaN
3086.667	NaN	NaN	NaN
3090.000	NaN	NaN	NaN
3093.333	NaN	NaN	NaN
3096.667	NaN	NaN	NaN
3100.000	NaN	NaN	NaN
3103.333	NaN	NaN	NaN
3106.667	NaN	NaN	NaN
3110.000	NaN	NaN	NaN
3113.333	NaN	NaN	NaN
3116.667	NaN	NaN	NaN
3120.000	NaN	NaN	NaN
3123.333	NaN	NaN	NaN
3126.667	NaN	NaN	NaN
3130.000	NaN	NaN	NaN
3133.333	NaN	NaN	NaN
3136.667	NaN	NaN	NaN
3140.000	NaN	NaN	NaN
3143.333	NaN	NaN	NaN
3146.667	NaN	NaN	NaN
3150.000	NaN	NaN	NaN
3153.333	NaN	NaN	NaN
3156.667	NaN	NaN	NaN
3160.000	NaN	NaN	NaN
3163.333	NaN	NaN	NaN
3166.667	NaN	NaN	NaN
3170.000	NaN	NaN	NaN
3173.333	NaN	NaN	NaN
3176.667	NaN	NaN	NaN
3180.000	NaN	NaN	NaN
3183.333	NaN	NaN	NaN
3186.667	NaN	NaN	NaN
3190.000	NaN	NaN	NaN
3193.333	NaN	NaN	NaN
3196.667	NaN	NaN	NaN
3200.000	NaN	NaN	NaN
3203.333	NaN	NaN	NaN
3206.667	NaN	NaN	NaN
3210.000	NaN	NaN	NaN
3213.333	NaN	NaN	NaN
3216.667	NaN	NaN	NaN
3220.000	NaN	NaN	NaN
3223.333	1026.0	1031.1	NaN
3226.667	951.6	1009.8	NaN
3230.000	NaN	NaN	NaN
3233.333	NaN	NaN	NaN
3236.667	NaN	NaN	NaN
3240.000	NaN	NaN	NaN
3243.333	811.0	801.9	NaN
3246.667	773.0	807.1	NaN
3250.000	735.9	790.7	NaN
3253.333	706.9	771.1	7841
3256.667	708.3	750.3	5163
3260.000	703.9	679.9	3880
3263.333	718.1	706.4	3665
3266.667	740.9	739.5	5062
3270.000	754.6	714.2	6135
3273.333	777.0	762.3	2655
3276.667	781.1	776.0	2664
3280.000	781.8	763.8	1945
3283.333	754.8	708.7	9552
3286.667	758.0	661.9	7506
3290.000	770.7	743.3	2790
3293.333	771.6	521.5	1271
3296.667	791.2	692.6	2774
3300.000	783.4	740.0	3780
3303.333	758.0	644.7	4763
3306.667	792.2	735.9	1357
3310.000	772.0	733.9	672
3313.333	773.2	643.4	2088
3316.667	751.3	723.6	4140
3320.000	784.7	736.9	948
3323.333	763.4	712.0	1643
3326.667	798.3	590.5	1697
3330.000	757.6	744.1	3085
3333.333	772.8	628.0	1405
3336.667	771.1	733.6	4516
3340.000	764.7	616.9	831
3343.333	765.5	738.7	3473
3346.667	776.3	737.0	395
3350.000	768.0	693.3	1355
3353.333	766.1	722.8	1747
3356.667	777.2	668.7	1430
3360.000	768.2	709.7	750
3363.333	757.1	711.8	4258
3366.667	744.2	707.0	1776
3370.000	766.1	691.6	967
3373.333	746.1	580.8	1695
3376.667	765.1	711.5	1198
3380.000	769.0	722.6	2075
3383.333	771.8	737.4	3589
3386.667	753.0	660.4	1104
3390.000	741.3	692.0	1392
3393.333	773.2	726.1	401
3396.667	765.9	758.1	2925
3400.000	757.1	644.7	862
3403.333	770.5	734.0	513
3406.667	772.8	744.0	1242
3410.000	766.8	687.3	751
3413.333	773.6	754.8	3120
3416.667	778.6	731.6	4425
3420.000	762.0	663.4	7266
3423.333	728.8	686.9	8850
3426.667	727.3	659.1	2692
3430.000	722.7	559.3	3608
3433.333	738.0	609.0	2331
3436.667	756.9	736.7	4347
3440.000	757.2	757.8	5366
3443.333	764.2	590.4	3526
3446.667	770.1	700.1	1715
3450.000	735.7	710.2	3855
3453.333	784.5	749.3	2291
3456.667	749.0	755.8	5704
3460.000	771.3	750.8	6653
3463.333	753.4	612.5	6165
3466.667	740.2	588.7	6924
3470.000	744.0	659.0	503
3473.333	758.6	680.2	4698
3476.667	767.8	572.1	1991
3480.000	752.4	762.6	1922
3483.333	750.1	671.1	340
3486.667	755.7	612.6	3630
3490.000	748.0	611.4	1312
3493.333	763.2	696.5	4227
3496.667	771.1	748.5	5107
3500.000	759.9	649.9	3390
3503.333	752.3	731.4	1815
3506.667	745.2	706.8	383
3510.000	757.8	715.4	3217
3513.333	745.5	652.8	1703
3516.667	768.2	757.4	438
3520.000	774.7	747.4	876
3523.333	758.8	734.2	617
3526.667	735.2	676.3	1702
3530.000	742.1	716.3	1054
3533.333	764.0	718.7	1876
3536.667	747.1	741.7	1903
3540.000	740.2	726.7	1719
3543.333	762.8	749.7	1810
3546.667	714.2	708.6	1759
3550.000	777.8	773.3	2772
3553.333	772.6	756.2	4113
3556.667	748.8	667.4	7510
3560.000	782.2	697.0	10383
3563.333	764.9	670.5	9120
3566.667	727.1	563.3	5830
3570.000	776.6	578.9	4962
3573.333	742.3	577.7	1345
3576.667	753.8	597.0	1965
3580.000	768.8	587.6	720
3583.333	763.4	610.7	1627
3586.667	750.1	595.4	1550
3590.000	768.4	540.1	2541
3593.333	756.1	565.5	2738
3596.667	743.8	590.1	1094
3600.000	756.3	535.9	1292
3603.333	771.5	548.6	3435
3606.667	774.7	578.4	4210
3610.000	750.0	505.2	3574
3613.333	757.4	501.7	2792
3616.667	777.4	499.3	2486
3620.000	779.9	485.4	562
3623.333	756.3	525.9	273
3626.667	750.0	493.9	798
3630.000	778.8	496.6	865
3633.333	761.5	493.8	2066
3636.667	806.2	509.8	1594
3640.000	767.6	506.5	1745
3643.333	794.3	487.4	421
3646.667	773.8	529.6	1203
3650.000	755.3	530.9	662
3653.333	781.8	478.2	1745
3656.667	773.4	505.2	2753
3660.000	759.2	505.8	1965
3663.333	822.9	463.6	1202
3666.667	779.7	491.5	1329
3670.000	781.6	491.0	2179
3673.333	765.1	529.6	3455
3676.667	768.4	518.8	414
3680.000	765.5	514.4	1175
3683.333	766.1	520.0	1979
3686.667	786.6	489.7	421
3690.000	775.1	481.4	589
3693.333	774.3	504.9	150
3696.667	749.2	530.0	625
3700.000	768.8	516.5	1219
3703.333	790.8	483.9	3208
3706.667	766.3	499.6	4690
3710.000	804.1	494.5	5051
3713.333	824.3	483.0	6265
3716.667	825.2	462.1	7316
3720.000	852.5	442.6	6269
3723.333	894.0	433.3	4811
3726.667	880.3	419.0	4201
3730.000	862.8	392.3	4311
3733.333	854.8	402.5	5231
3736.667	864.4	375.4	5422
3740.000	837.7	359.6	5373
3743.333	849.0	333.0	5773
3746.667	853.1	309.5	4889
3750.000	844.6	303.0	3477
3753.333	849.6	288.4	2164
3756.667	874.2	281.7	1760
3760.000	869.6	303.7	2479
3763.333	876.5	297.1	2019
3766.667	879.6	314.5	1178
3770.000	897.4	303.7	1031
3773.333	878.2	311.3	729
3776.667	888.8	298.8	473
3780.000	893.0	311.3	1169
3783.333	888.8	314.2	1626
3786.667	890.3	318.4	1891
3790.000	898.8	329.0	925
3793.333	895.3	333.9	436
3796.667	891.8	337.1	406
3800.000	895.9	318.8	398
3803.333	896.6	321.1	847
3806.667	904.1	329.5	100
3810.000	889.0	325.1	683
3813.333	894.5	312.0	246
3816.667	894.1	337.4	233
3820.000	907.8	333.8	584
3823.333	892.8	321.7	567
3826.667	896.3	331.7	462
3830.000	906.4	316.7	502
3833.333	907.4	330.4	1041
3836.667	903.2	336.0	309
3840.000	912.2	320.5	397
3843.333	915.5	326.4	406
3846.667	898.0	330.7	993
3850.000	896.3	320.2	1270
3853.333	908.0	328.4	915
3856.667	882.6	324.5	238
3860.000	891.3	323.5	396
3863.333	897.0	322.3	758
3866.667	908.9	335.4	1127
3870.000	897.4	326.7	482
3873.333	906.2	304.0	352
3876.667	905.9	346.9	779
3880.000	901.2	316.9	579
3883.333	888.4	328.4	852
3886.667	893.2	336.2	1196
3890.000	894.3	315.3	711
3893.333	890.1	318.9	1095
3896.667	883.4	325.3	647
3900.000	909.5	302.9	76
3903.333	894.0	315.7	563
3906.667	898.4	324.6	949
3910.000	883.8	316.4	1984
3913.333	900.7	333.6	1246
3916.667	883.4	332.6	1387
3920.000	907.4	349.8	589
3923.333	885.9	332.2	523
3926.667	888.6	351.4	712
3930.000	876.9	316.3	1008
3933.333	898.0	334.6	1438
3936.667	892.2	325.9	1794
3940.000	905.1	328.6	1394
3943.333	905.3	317.0	438
3946.667	910.1	317.2	865
3950.000	907.6	335.4	858
3953.333	890.5	345.0	673
3956.667	906.2	335.3	243
3960.000	894.1	327.9	802
3963.333	897.8	319.6	1083
3966.667	908.4	330.7	109
3970.000	906.8	326.7	949
3973.333	904.5	322.1	853
3976.667	898.4	339.6	831
3980.000	903.6	345.7	465
3983.333	909.3	331.2	584
3986.667	888.4	337.7	2339
3990.000	905.1	330.5	4336
3993.333	893.4	316.9	6918
3996.667	900.3	286.5	9731
4000.000	892.8	248.4	10284
4003.333	896.3	190.5	9272
4006.667	902.4	151.2	6826
4010.000	906.8	153.0	4064
4013.333	918.1	151.6	2320
4016.667	902.8	152.4	1684
4020.000	897.6	148.1	1684
4023.333	909.7	121.2	1684
4026.667	880.1	128.8	1684
