time	x	y	v
0.000	1305.6	393.6	NaN
3.333	NaN	NaN	NaN
6.667	NaN	NaN	NaN
10.000	NaN	NaN	NaN
13.333	NaN	NaN	NaN
16.667	NaN	NaN	NaN
20.000	NaN	NaN	NaN
23.333	NaN	NaN	NaN
26.667	NaN	NaN	NaN
30.000	1304.3	400.2	NaN
33.333	NaN	NaN	NaN
36.667	NaN	NaN	NaN
40.000	NaN	NaN	NaN
43.333	NaN	NaN	NaN
46.667	NaN	NaN	NaN
50.000	NaN	NaN	NaN
53.333	NaN	NaN	NaN
56.667	NaN	NaN	NaN
60.000	1305.0	412.5	NaN
63.333	NaN	NaN	NaN
66.667	NaN	NaN	NaN
70.000	NaN	NaN	NaN
73.333	NaN	NaN	NaN
76.667	1304.4	373.0	NaN
80.000	1306.2	348.4	NaN
83.333	NaN	NaN	NaN
86.667	NaN	NaN	NaN
90.000	NaN	NaN	NaN
93.333	1308.3	427.1	NaN
96.667	1316.2	485.0	NaN
100.000	NaN	NaN	NaN
103.333	NaN	NaN	NaN
106.667	NaN	NaN	NaN
110.000	NaN	NaN	NaN
113.333	NaN	NaN	NaN
116.667	NaN	NaN	NaN
120.000	NaN	NaN	NaN
123.333	NaN	NaN	NaN
126.667	NaN	NaN	NaN
130.000	NaN	NaN	NaN
133.333	NaN	NaN	NaN
136.667	NaN	NaN	NaN
140.000	NaN	NaN	NaN
143.333	NaN	NaN	NaN
146.667	NaN	NaN	NaN
150.000	NaN	NaN	NaN
153.333	NaN	NaN	NaN
156.667	NaN	NaN	NaN
160.000	NaN	NaN	NaN
163.333	NaN	NaN	NaN
166.667	NaN	NaN	NaN
170.000	NaN	NaN	NaN
173.333	NaN	NaN	NaN
176.667	NaN	NaN	NaN
180.000	NaN	NaN	NaN
183.333	NaN	NaN	NaN
186.667	NaN	NaN	NaN
190.000	NaN	NaN	NaN
193.333	NaN	NaN	NaN
196.667	NaN	NaN	NaN
200.000	NaN	NaN	NaN
203.333	NaN	NaN	NaN
206.667	NaN	NaN	NaN
210.000	NaN	NaN	NaN
213.333	NaN	NaN	NaN
216.667	NaN	NaN	NaN
220.000	NaN	NaN	NaN
223.333	NaN	NaN	NaN
226.667	NaN	NaN	NaN
230.000	NaN	NaN	NaN
233.333	NaN	NaN	NaN
236.667	NaN	NaN	NaN
240.000	NaN	NaN	NaN
243.333	NaN	NaN	NaN
246.667	NaN	NaN	NaN
250.000	NaN	NaN	NaN
253.333	NaN	NaN	NaN
256.667	NaN	NaN	NaN
260.000	NaN	NaN	NaN
263.333	NaN	NaN	NaN
266.667	NaN	NaN	NaN
270.000	NaN	NaN	NaN
273.333	NaN	NaN	NaN
276.667	NaN	NaN	NaN
280.000	NaN	NaN	NaN
283.333	NaN	NaN	NaN
286.667	NaN	NaN	NaN
290.000	NaN	NaN	NaN
293.333	NaN	NaN	NaN
296.667	NaN	NaN	NaN
300.000	NaN	NaN	NaN
303.333	NaN	NaN	NaN
306.667	NaN	NaN	NaN
310.000	NaN	NaN	NaN
313.333	NaN	NaN	NaN
316.667	NaN	NaN	NaN
320.000	NaN	NaN	NaN
323.333	NaN	NaN	NaN
326.667	NaN	NaN	NaN
330.000	NaN	NaN	NaN
333.333	NaN	NaN	NaN
336.667	NaN	NaN	NaN
340.000	NaN	NaN	NaN
343.333	NaN	NaN	NaN
346.667	NaN	NaN	NaN
350.000	NaN	NaN	NaN
353.333	NaN	NaN	NaN
356.667	NaN	NaN	NaN
360.000	NaN	NaN	NaN
363.333	NaN	NaN	NaN
366.667	NaN	NaN	NaN
370.000	NaN	NaN	NaN
373.333	NaN	NaN	NaN
376.667	NaN	NaN	NaN
380.000	NaN	NaN	NaN
383.333	NaN	NaN	NaN
386.667	NaN	NaN	NaN
390.000	NaN	NaN	NaN
393.333	NaN	NaN	NaN
396.667	NaN	NaN	NaN
400.000	NaN	NaN	NaN
403.333	NaN	NaN	NaN
406.667	NaN	NaN	NaN
410.000	NaN	NaN	NaN
413.333	NaN	NaN	NaN
416.667	NaN	NaN	NaN
420.000	NaN	NaN	NaN
423.333	NaN	NaN	NaN
426.667	NaN	NaN	NaN
430.000	947.9	466.2	NaN
433.333	946.4	462.7	NaN
436.667	944.8	468.4	NaN
440.000	NaN	NaN	NaN
443.333	NaN	NaN	NaN
446.667	NaN	NaN	NaN
450.000	NaN	NaN	NaN
453.333	NaN	NaN	NaN
456.667	NaN	NaN	NaN
460.000	938.5	477.1	NaN
463.333	942.1	475.2	NaN
466.667	940.0	474.4	NaN
470.000	945.8	480.3	676
473.333	942.7	479.7	1191
476.667	941.2	484.2	1240
480.000	945.2	489.2	888
483.333	949.4	499.9	518
486.667	948.7	494.9	176
490.000	943.1	492.3	617
493.333	946.4	487.4	616
496.667	945.4	492.6	496
500.000	932.4	486.5	275
503.333	941.4	499.3	465
506.667	940.2	496.4	657
510.000	946.6	492.4	453
513.333	951.4	496.0	525
516.667	948.5	499.2	364
520.000	937.5	483.2	229
523.333	944.3	489.6	194
526.667	941.6	492.3	531
530.000	948.1	501.2	562
533.333	947.3	496.9	326
536.667	948.9	500.5	45
540.000	937.7	491.1	442
543.333	953.3	498.2	356
546.667	940.2	497.1	132
550.000	947.7	488.6	281
553.333	954.6	494.5	407
556.667	942.5	498.6	300
560.000	948.5	494.1	522
563.333	946.0	484.7	269
566.667	944.8	490.6	128
570.000	939.1	487.6	301
573.333	949.8	504.0	846
576.667	947.9	491.0	821
580.000	944.4	494.7	699
583.333	952.7	505.4	533
586.667	953.7	501.7	734
590.000	952.7	496.9	313
593.333	954.4	510.3	332
596.667	954.4	502.1	534
600.000	946.6	503.2	404
603.333	946.9	499.8	259
606.667	943.7	504.4	331
610.000	949.8	501.1	68
613.333	950.4	510.6	426
616.667	944.8	505.0	486
620.000	943.7	498.1	691
623.333	936.2	498.1	554
626.667	946.0	498.4	133
630.000	940.2	496.6	518
633.333	942.1	502.5	459
636.667	946.6	499.0	533
640.000	951.4	505.2	310
643.333	943.1	499.5	371
646.667	951.6	508.4	359
650.000	944.6	493.9	529
653.333	941.6	493.5	48
656.667	945.8	499.8	200
660.000	943.5	496.5	281
663.333	948.9	504.1	306
666.667	942.0	501.4	163
670.000	942.7	495.8	369
673.333	945.0	503.9	177
676.667	941.8	497.1	750
680.000	938.9	508.2	537
683.333	946.4	501.8	122
686.667	953.1	516.3	309
690.000	939.5	502.3	277
693.333	942.1	501.6	216
696.667	940.8	510.9	231
700.000	944.4	498.6	363
703.333	945.6	507.8	239
706.667	946.8	506.6	258
710.000	946.0	501.4	79
713.333	941.2	498.5	218
716.667	943.1	505.1	77
720.000	948.3	500.7	209
723.333	944.6	503.8	106
726.667	946.4	502.2	93
730.000	936.8	503.3	141
733.333	945.2	496.0	226
736.667	945.8	506.3	490
740.000	944.3	498.6	254
743.333	941.2	498.4	328
746.667	937.5	490.6	411
750.000	937.9	503.8	279
753.333	942.7	498.2	297
756.667	935.2	503.2	153
760.000	938.3	495.8	320
763.333	940.6	504.4	83
766.667	937.2	495.8	66
770.000	942.0	495.3	161
773.333	941.2	503.8	122
776.667	933.7	502.7	242
780.000	936.6	494.1	99
783.333	945.4	499.6	256
786.667	943.9	495.4	141
790.000	938.1	499.5	523
793.333	943.5	503.5	303
796.667	931.6	500.9	173
800.000	942.9	506.5	202
803.333	941.2	498.0	71
806.667	939.5	500.1	288
810.000	943.9	502.2	138
813.333	936.6	507.0	241
816.667	943.9	499.2	272
820.000	946.4	503.2	110
823.333	943.5	494.1	244
826.667	943.9	510.8	362
830.000	941.2	504.0	381
833.333	946.6	503.0	305
836.667	934.1	500.3	528
840.000	941.0	496.7	569
843.333	946.4	495.4	516
846.667	941.2	502.3	667
850.000	955.4	515.9	229
853.333	942.3	503.2	408
856.667	945.2	503.4	508
860.000	941.0	498.2	852
863.333	938.1	497.6	397
866.667	943.5	503.7	350
870.000	935.4	502.1	108
873.333	937.2	496.4	200
876.667	940.2	510.0	410
880.000	941.4	495.7	150
883.333	944.1	501.2	119
886.667	948.9	506.8	206
890.000	931.0	498.1	371
893.333	944.4	499.9	484
896.667	937.0	505.0	446
900.000	937.0	500.0	257
903.333	935.6	499.1	180
906.667	936.2	499.4	374
910.000	942.7	506.0	471
913.333	938.1	504.4	297
916.667	942.0	508.1	232
920.000	941.2	503.8	231
923.333	938.7	502.3	370
926.667	943.9	506.0	431
930.000	947.1	507.5	150
933.333	944.4	499.8	180
936.667	946.0	499.2	641
940.000	936.0	503.3	692
943.333	940.2	503.1	269
946.667	934.7	496.8	149
950.000	935.0	501.8	460
953.333	944.4	503.4	387
956.667	946.6	500.7	289
960.000	939.6	493.7	291
963.333	940.6	496.2	437
966.667	938.7	497.2	204
970.000	937.5	499.0	252
973.333	938.1	498.4	148
976.667	942.3	497.4	380
980.000	941.6	499.7	288
983.333	938.1	499.5	192
986.667	937.9	508.2	215
990.000	942.9	499.8	278
993.333	940.2	499.8	443
996.667	942.3	503.9	594
1000.000	945.8	495.8	290
1003.333	942.7	496.6	501
1006.667	949.6	499.1	236
1010.000	942.5	496.0	207
1013.333	945.4	489.9	158
1016.667	947.7	502.7	106
1020.000	937.9	497.2	192
1023.333	943.9	495.5	282
1026.667	948.5	495.2	576
1030.000	947.3	492.8	674
1033.333	950.2	500.7	624
1036.667	950.0	487.7	270
1040.000	952.5	492.3	388
1043.333	959.0	504.1	79
1046.667	948.3	491.0	423
1050.000	953.5	503.0	379
1053.333	946.9	491.6	537
1056.667	954.4	501.7	253
1060.000	948.1	502.4	505
1063.333	943.1	491.4	534
1066.667	946.9	494.9	872
1070.000	946.6	492.7	573
1073.333	949.8	483.7	390
1076.667	954.2	486.6	249
1080.000	948.3	493.7	461
1083.333	951.7	493.3	378
1086.667	951.4	488.7	297
1090.000	957.9	495.7	262
1093.333	947.3	491.1	420
1096.667	948.9	495.9	355
1100.000	944.3	494.7	366
1103.333	946.8	486.3	304
1106.667	954.6	503.5	124
1110.000	945.0	498.0	139
1113.333	951.6	494.7	380
1116.667	947.7	494.3	905
1120.000	948.9	493.2	332
1123.333	945.0	483.5	199
1126.667	948.7	486.3	130
1130.000	952.9	498.2	241
1133.333	948.1	488.3	494
1136.667	949.2	491.0	213
1140.000	950.2	481.2	326
1143.333	954.0	501.9	324
1146.667	943.9	491.9	341
1150.000	944.1	490.6	328
1153.333	950.0	494.3	273
1156.667	942.1	486.9	248
1160.000	946.4	487.4	183
1163.333	951.7	497.8	194
1166.667	943.3	482.5	477
1170.000	943.9	489.3	327
1173.333	955.6	492.3	340
1176.667	949.6	496.4	574
1180.000	953.9	485.2	193
1183.333	953.1	491.2	386
1186.667	950.8	495.8	278
1190.000	943.1	494.0	433
1193.333	950.6	496.4	354
1196.667	949.2	481.7	323
1200.000	945.4	483.7	429
1203.333	950.8	493.0	162
1206.667	947.9	490.6	297
1210.000	955.2	486.2	220
1213.333	950.6	489.5	22
1216.667	948.5	488.4	163
1220.000	950.0	492.8	218
1223.333	951.0	491.1	99
1226.667	949.6	491.2	90
1230.000	948.5	486.0	264
1233.333	952.7	489.2	280
1236.667	947.1	489.7	261
1240.000	954.8	486.9	370
1243.333	939.3	493.2	58
1246.667	948.3	491.6	147
1250.000	943.1	486.8	358
1253.333	957.7	491.4	700
1256.667	948.3	490.2	682
1260.000	949.2	499.5	458
1263.333	954.4	499.7	255
1266.667	956.7	496.9	188
1270.000	947.5	492.9	487
1273.333	948.5	487.2	526
1276.667	950.8	494.9	297
1280.000	947.5	492.5	241
1283.333	956.7	485.9	315
1286.667	947.9	491.1	214
1290.000	952.7	490.1	444
1293.333	956.5	488.3	277
1296.667	951.7	492.7	154
1300.000	961.7	490.1	374
1303.333	955.6	489.5	193
1306.667	949.1	491.0	188
1310.000	965.2	497.0	547
1313.333	949.1	490.4	784
1316.667	951.2	490.6	690
1320.000	957.1	474.2	531
1323.333	949.8	478.9	388
1326.667	951.9	487.5	736
1330.000	953.7	489.8	1231
1333.333	958.5	494.2	790
1336.667	956.0	495.5	236
1340.000	959.0	498.3	258
1343.333	954.2	492.3	543
1346.667	953.9	491.4	505
1350.000	950.8	488.1	343
1353.333	950.8	490.5	202
1356.667	957.3	487.3	376
1360.000	952.1	493.0	493
1363.333	946.9	491.5	742
1366.667	944.6	485.4	385
1370.000	944.4	483.6	214
1373.333	942.1	483.5	130
1376.667	952.9	495.0	195
1380.000	954.4	487.5	436
1383.333	941.4	487.7	350
1386.667	948.7	481.1	234
1390.000	956.0	493.9	195
1393.333	952.5	489.2	440
1396.667	949.8	484.5	253
1400.000	952.9	484.2	383
1403.333	947.5	477.0	458
1406.667	954.6	486.2	318
1410.000	953.3	486.6	510
1413.333	939.3	477.4	214
1416.667	947.5	488.7	285
1420.000	943.1	473.9	435
1423.333	950.6	483.3	801
1426.667	950.8	497.3	407
1430.000	956.5	481.5	745
1433.333	955.2	478.9	56
1436.667	950.0	487.7	282
1440.000	960.2	491.5	437
1443.333	946.9	483.4	416
1446.667	947.1	494.4	658
1450.000	952.7	481.5	868
1453.333	947.1	474.7	1229
1456.667	946.9	481.7	2426
1460.000	952.5	473.4	3585
1463.333	963.3	463.6	5202
1466.667	970.9	438.7	6346
1470.000	974.2	408.5	5957
1473.333	970.2	380.3	5065
1476.667	962.9	367.2	2798
1480.000	960.4	372.0	874
1483.333	956.9	365.3	1295
1486.667	973.8	384.0	2297
1490.000	985.2	381.9	2307
1493.333	986.3	385.6	1713
1496.667	1000.1	384.5	701
1500.000	994.0	385.5	767
1503.333	990.7	374.0	1493
1506.667	982.8	373.8	1302
1510.000	979.4	372.2	671
1513.333	970.8	365.0	140
1516.667	987.5	373.8	397
1520.000	990.1	370.2	499
1523.333	986.5	373.0	661
1526.667	984.0	371.5	442
1530.000	986.3	369.9	404
1533.333	993.0	373.9	358
1536.667	999.2	374.7	72
1540.000	988.8	375.8	208
1543.333	989.0	363.6	220
1546.667	984.6	373.0	508
1550.000	989.0	375.5	693
1553.333	999.2	367.7	490
1556.667	990.3	360.4	836
1560.000	990.5	359.5	756
1563.333	985.5	362.4	870
1566.667	979.2	360.7	402
1570.000	982.8	369.0	65
1573.333	980.9	360.0	280
1576.667	986.1	362.8	631
1580.000	989.2	357.6	395
1583.333	986.5	366.2	137
1586.667	993.6	362.1	229
1590.000	984.6	359.7	216
1593.333	981.9	364.5	489
1596.667	985.0	362.9	215
1600.000	990.3	353.5	328
1603.333	986.5	355.9	440
1606.667	987.5	362.0	283
1610.000	988.0	370.4	295
1613.333	993.4	361.9	575
1616.667	988.8	358.5	1069
1620.000	995.9	350.6	887
1623.333	991.9	353.6	866
1626.667	984.0	343.8	685
1630.000	991.5	356.6	NaN
1633.333	988.8	339.3	NaN
1636.667	988.8	344.2	NaN
1640.000	NaN	NaN	NaN
1643.333	NaN	NaN	NaN
1646.667	1001.5	351.1	NaN
1650.000	988.2	344.4	NaN
1653.333	992.1	330.5	NaN
1656.667	997.6	341.5	234
1660.000	998.8	365.0	457
1663.333	993.4	336.1	273
1666.667	999.4	338.8	969
1670.000	998.6	337.3	874
1673.333	993.4	333.8	577
1676.667	987.5	334.3	593
1680.000	990.5	344.7	684
1683.333	992.4	347.7	1258
1686.667	992.6	342.5	2023
1690.000	1003.6	347.4	3113
1693.333	1019.7	336.1	3845
1696.667	1026.0	328.0	3837
1700.000	1047.2	319.7	3364
1703.333	1051.4	308.1	2500
1706.667	1050.6	307.5	1609
1710.000	1052.9	303.8	409
1713.333	1052.4	298.2	291
1716.667	1053.9	305.1	851
1720.000	1050.6	313.4	1055
1723.333	1057.7	309.9	810
1726.667	1055.8	323.7	346
1730.000	1062.1	315.5	469
1733.333	1058.7	309.1	496
1736.667	1057.5	308.6	534
1740.000	1064.3	321.0	126
1743.333	1069.1	314.0	204
1746.667	1058.3	306.7	171
1750.000	1061.2	318.2	155
1753.333	1063.3	311.3	416
1756.667	1055.8	315.5	180
1760.000	1067.3	321.0	332
1763.333	1059.6	317.2	785
1766.667	1054.1	308.1	912
1770.000	1055.8	321.0	820
1773.333	1046.8	324.4	715
1776.667	1050.6	331.9	605
1780.000	1052.0	314.9	222
1783.333	1058.9	330.9	151
1786.667	1058.5	321.6	NaN
1790.000	1052.2	323.4	NaN
1793.333	1047.4	325.1	NaN
1796.667	NaN	NaN	NaN
1800.000	NaN	NaN	NaN
1803.333	1054.5	328.6	NaN
1806.667	NaN	NaN	NaN
1810.000	NaN	NaN	NaN
1813.333	NaN	NaN	NaN
1816.667	NaN	NaN	NaN
1820.000	NaN	NaN	NaN
1823.333	NaN	NaN	NaN
1826.667	1046.4	326.9	NaN
1830.000	1061.4	330.6	NaN
1833.333	1057.3	329.5	NaN
1836.667	1050.8	328.0	189
1840.000	1045.8	329.9	441
1843.333	1051.4	329.1	447
1846.667	1053.3	332.4	329
1850.000	1051.0	333.1	98
1853.333	1043.3	333.3	214
1856.667	1050.6	334.5	97
1860.000	1052.5	327.0	262
1863.333	1047.7	327.1	111
1866.667	1050.4	336.2	185
1870.000	1049.9	341.3	416
1873.333	1043.9	329.1	368
1876.667	1050.0	327.2	52
1880.000	1041.0	333.7	206
1883.333	1042.6	334.5	498
1886.667	1054.7	339.0	566
1890.000	1038.9	330.9	225
1893.333	1040.4	339.0	203
1896.667	1043.3	340.4	262
1900.000	1046.6	336.6	456
1903.333	1041.0	336.1	269
1906.667	1044.9	341.5	281
1910.000	1045.8	341.6	228
1913.333	1047.7	336.6	151
1916.667	1047.2	332.4	347
1920.000	1045.4	334.8	214
1923.333	1041.0	339.0	541
1926.667	1053.1	333.9	326
1930.000	1049.1	345.8	107
1933.333	1048.1	344.3	221
1936.667	1044.9	333.7	554
1940.000	1043.5	338.0	266
1943.333	1042.2	338.6	354
1946.667	1044.5	349.7	303
1950.000	1044.5	342.9	376
1953.333	1044.9	344.8	90
1956.667	1045.6	336.9	199
1960.000	1048.1	350.1	192
1963.333	1038.3	337.7	512
1966.667	1046.6	345.3	407
1970.000	1044.7	348.2	355
1973.333	1036.0	351.3	449
1976.667	1044.1	342.8	286
1980.000	1058.1	348.7	158
1983.333	1044.5	340.3	227
1986.667	1047.9	349.1	750
1990.000	1037.6	345.7	524
1993.333	1038.0	353.3	138
1996.667	1038.9	348.3	454
2000.000	1048.9	343.2	848
2003.333	1047.6	344.4	778
2006.667	1048.7	344.5	235
2010.000	1046.8	334.8	422
2013.333	1046.4	341.8	573
2016.667	1036.8	346.4	896
2020.000	1043.7	343.2	845
2023.333	1055.2	359.2	624
2026.667	1050.4	354.9	579
2030.000	1045.4	347.0	122
2033.333	1054.7	348.1	433
2036.667	1048.9	355.2	81
2040.000	1045.1	351.6	242
2043.333	1049.9	347.7	330
2046.667	1051.0	355.8	328
2050.000	1048.5	351.9	212
2053.333	1048.3	358.1	190
2056.667	1043.7	359.1	263
2060.000	1043.9	345.6	421
2063.333	1051.0	349.2	833
2066.667	1054.1	354.2	890
2070.000	1046.8	345.5	595
2073.333	1047.4	338.8	755
2076.667	1043.1	337.2	722
2080.000	1053.1	340.3	183
2083.333	1049.9	337.9	262
2086.667	1047.0	336.5	343
2090.000	1044.9	341.1	290
2093.333	1056.4	336.9	355
2096.667	1047.7	329.1	643
2100.000	1043.7	341.4	420
2103.333	1049.3	327.8	596
2106.667	1061.0	328.4	1081
2110.000	1047.6	335.7	1156
2113.333	1049.7	318.3	NaN
2116.667	1056.8	310.6	NaN
2120.000	1052.0	321.5	NaN
2123.333	NaN	NaN	NaN
2126.667	NaN	NaN	NaN
2130.000	NaN	NaN	NaN
2133.333	1039.5	396.1	NaN
2136.667	1018.8	435.5	NaN
2140.000	1004.0	487.8	NaN
2143.333	979.4	492.7	NaN
2146.667	NaN	NaN	NaN
2150.000	NaN	NaN	NaN
2153.333	NaN	NaN	NaN
2156.667	NaN	NaN	NaN
2160.000	NaN	NaN	NaN
2163.333	NaN	NaN	NaN
2166.667	NaN	NaN	NaN
2170.000	NaN	NaN	NaN
2173.333	NaN	NaN	NaN
2176.667	NaN	NaN	NaN
2180.000	NaN	NaN	NaN
2183.333	NaN	NaN	NaN
2186.667	NaN	NaN	NaN
2190.000	NaN	NaN	NaN
2193.333	NaN	NaN	NaN
2196.667	NaN	NaN	NaN
2200.000	NaN	NaN	NaN
2203.333	NaN	NaN	NaN
2206.667	NaN	NaN	NaN
2210.000	NaN	NaN	NaN
2213.333	NaN	NaN	NaN
2216.667	NaN	NaN	NaN
2220.000	NaN	NaN	NaN
2223.333	NaN	NaN	NaN
2226.667	NaN	NaN	NaN
2230.000	NaN	NaN	NaN
2233.333	NaN	NaN	NaN
2236.667	NaN	NaN	NaN
2240.000	NaN	NaN	NaN
2243.333	NaN	NaN	NaN
2246.667	NaN	NaN	NaN
2250.000	NaN	NaN	NaN
2253.333	NaN	NaN	NaN
2256.667	NaN	NaN	NaN
2260.000	NaN	NaN	NaN
2263.333	NaN	NaN	NaN
2266.667	NaN	NaN	NaN
2270.000	NaN	NaN	NaN
2273.333	NaN	NaN	NaN
2276.667	NaN	NaN	NaN
2280.000	NaN	NaN	NaN
2283.333	NaN	NaN	NaN
2286.667	NaN	NaN	NaN
2290.000	NaN	NaN	NaN
2293.333	NaN	NaN	NaN
2296.667	NaN	NaN	NaN
2300.000	NaN	NaN	NaN
2303.333	NaN	NaN	NaN
2306.667	NaN	NaN	NaN
2310.000	NaN	NaN	NaN
2313.333	NaN	NaN	NaN
2316.667	NaN	NaN	NaN
2320.000	NaN	NaN	NaN
2323.333	NaN	NaN	NaN
2326.667	NaN	NaN	NaN
2330.000	NaN	NaN	NaN
2333.333	NaN	NaN	NaN
2336.667	NaN	NaN	NaN
2340.000	NaN	NaN	NaN
2343.333	NaN	NaN	NaN
2346.667	NaN	NaN	NaN
2350.000	NaN	NaN	NaN
2353.333	NaN	NaN	NaN
2356.667	NaN	NaN	NaN
2360.000	NaN	NaN	NaN
2363.333	NaN	NaN	NaN
2366.667	NaN	NaN	NaN
2370.000	NaN	NaN	NaN
2373.333	NaN	NaN	NaN
2376.667	NaN	NaN	NaN
2380.000	NaN	NaN	NaN
2383.333	NaN	NaN	NaN
2386.667	NaN	NaN	NaN
2390.000	NaN	NaN	NaN
2393.333	NaN	NaN	NaN
2396.667	NaN	NaN	NaN
2400.000	NaN	NaN	NaN
2403.333	NaN	NaN	NaN
2406.667	NaN	NaN	NaN
2410.000	NaN	NaN	NaN
2413.333	NaN	NaN	NaN
2416.667	NaN	NaN	NaN
2420.000	NaN	NaN	NaN
2423.333	NaN	NaN	NaN
2426.667	NaN	NaN	NaN
2430.000	NaN	NaN	NaN
2433.333	NaN	NaN	NaN
2436.667	NaN	NaN	NaN
2440.000	NaN	NaN	NaN
2443.333	NaN	NaN	NaN
2446.667	NaN	NaN	NaN
2450.000	NaN	NaN	NaN
2453.333	NaN	NaN	NaN
2456.667	NaN	NaN	NaN
2460.000	NaN	NaN	NaN
2463.333	NaN	NaN	NaN
2466.667	NaN	NaN	NaN
2470.000	NaN	NaN	NaN
2473.333	NaN	NaN	NaN
2476.667	NaN	NaN	NaN
2480.000	NaN	NaN	NaN
2483.333	NaN	NaN	NaN
2486.667	NaN	NaN	NaN
2490.000	NaN	NaN	NaN
2493.333	NaN	NaN	NaN
2496.667	NaN	NaN	NaN
2500.000	NaN	NaN	NaN
2503.333	NaN	NaN	NaN
2506.667	NaN	NaN	NaN
2510.000	NaN	NaN	NaN
2513.333	NaN	NaN	NaN
2516.667	NaN	NaN	NaN
2520.000	NaN	NaN	NaN
2523.333	NaN	NaN	NaN
2526.667	NaN	NaN	NaN
2530.000	NaN	NaN	NaN
2533.333	NaN	NaN	NaN
2536.667	NaN	NaN	NaN
2540.000	NaN	NaN	NaN
2543.333	NaN	NaN	NaN
2546.667	NaN	NaN	NaN
2550.000	NaN	NaN	NaN
2553.333	NaN	NaN	NaN
2556.667	NaN	NaN	NaN
2560.000	NaN	NaN	NaN
2563.333	NaN	NaN	NaN
2566.667	NaN	NaN	NaN
2570.000	NaN	NaN	NaN
2573.333	NaN	NaN	NaN
2576.667	NaN	NaN	NaN
2580.000	NaN	NaN	NaN
2583.333	NaN	NaN	NaN
2586.667	NaN	NaN	NaN
2590.000	NaN	NaN	NaN
2593.333	NaN	NaN	NaN
2596.667	NaN	NaN	NaN
2600.000	NaN	NaN	NaN
2603.333	NaN	NaN	NaN
2606.667	NaN	NaN	NaN
2610.000	NaN	NaN	NaN
2613.333	NaN	NaN	NaN
2616.667	NaN	NaN	NaN
2620.000	NaN	NaN	NaN
2623.333	NaN	NaN	NaN
2626.667	NaN	NaN	NaN
2630.000	NaN	NaN	NaN
2633.333	NaN	NaN	NaN
2636.667	NaN	NaN	NaN
2640.000	NaN	NaN	NaN
2643.333	NaN	NaN	NaN
2646.667	NaN	NaN	NaN
2650.000	NaN	NaN	NaN
2653.333	NaN	NaN	NaN
2656.667	NaN	NaN	NaN
2660.000	NaN	NaN	NaN
2663.333	NaN	NaN	NaN
2666.667	NaN	NaN	NaN
2670.000	210.8	1403.1	NaN
2673.333	NaN	NaN	NaN
2676.667	179.1	1381.9	NaN
2680.000	165.9	1360.6	NaN
2683.333	159.9	1353.9	NaN
2686.667	NaN	NaN	NaN
2690.000	NaN	NaN	NaN
2693.333	NaN	NaN	NaN
2696.667	NaN	NaN	NaN
2700.000	NaN	NaN	NaN
2703.333	151.1	1256.8	NaN
2706.667	147.6	1254.5	NaN
2710.000	155.3	1244.8	NaN
2713.333	144.4	1248.7	1707
2716.667	144.2	1232.8	1554
2720.000	153.6	1231.8	993
2723.333	135.9	1224.9	469
2726.667	139.0	1228.7	603
2730.000	140.0	1238.8	719
2733.333	139.4	1238.5	1054
2736.667	139.8	1237.7	574
2740.000	144.0	1241.4	540
2743.333	137.9	1249.2	1422
2746.667	139.6	1238.7	1430
2750.000	139.8	1251.6	1426
2753.333	134.0	1273.9	2308
2756.667	148.6	1259.6	6117
2760.000	156.7	1263.3	12114
2763.333	194.7	1220.6	18805
2766.667	246.0	1146.4	23798
2770.000	284.9	1055.1	26578
2773.333	341.6	964.9	NaN
2776.667	394.8	890.4	NaN
2780.000	433.3	845.1	NaN
2783.333	NaN	NaN	NaN
2786.667	NaN	NaN	NaN
2790.000	NaN	NaN	NaN
2793.333	NaN	NaN	NaN
2796.667	NaN	NaN	NaN
2800.000	NaN	NaN	NaN
2803.333	NaN	NaN	NaN
2806.667	NaN	NaN	NaN
2810.000	NaN	NaN	NaN
2813.333	NaN	NaN	NaN
2816.667	NaN	NaN	NaN
2820.000	723.6	753.7	NaN
2823.333	724.0	753.1	NaN
2826.667	730.0	752.9	NaN
2830.000	764.7	747.8	3712
2833.333	776.4	735.3	3252
2836.667	787.4	729.5	2046
2840.000	773.0	732.0	443
2843.333	778.4	727.9	675
2846.667	777.4	735.8	843
2850.000	770.1	734.5	374
2853.333	765.7	733.6	414
2856.667	771.3	737.4	525
2860.000	774.3	735.5	1083
2863.333	777.6	739.8	843
2866.667	783.7	739.7	552
2870.000	788.0	740.2	287
2873.333	777.6	732.0	59
2876.667	782.8	740.6	261
2880.000	781.1	733.9	364
2883.333	780.3	742.0	195
2886.667	779.7	736.5	238
2890.000	776.4	739.7	355
2893.333	777.6	735.6	567
2896.667	779.3	737.9	1131
2900.000	783.0	725.9	1348
2903.333	793.9	744.1	1060
2906.667	801.4	735.2	830
2910.000	797.6	735.3	476
2913.333	789.1	720.1	728
2916.667	793.5	727.7	294
2920.000	790.1	727.3	349
2923.333	788.5	734.3	646
2926.667	800.1	727.6	363
2930.000	799.1	736.2	361
2933.333	796.6	728.2	204
2936.667	796.8	728.4	273
2940.000	796.4	734.5	153
2943.333	797.6	734.8	255
2946.667	798.1	734.4	193
2950.000	797.4	734.7	312
2953.333	793.0	731.5	408
2956.667	794.1	733.6	542
2960.000	799.5	726.6	712
2963.333	809.9	736.6	778
2966.667	804.5	734.0	552
2970.000	806.6	731.4	233
2973.333	805.4	739.6	282
2976.667	808.3	728.4	448
2980.000	803.9	736.5	418
2983.333	810.4	727.2	480
2986.667	812.5	728.2	338
2990.000	807.7	728.1	466
2993.333	813.5	731.9	510
2996.667	811.2	724.7	514
3000.000	798.7	723.1	131
3003.333	805.2	723.1	66
3006.667	805.4	726.3	473
3010.000	813.5	728.7	744
3013.333	808.5	726.5	498
3016.667	809.9	732.9	361
3020.000	814.3	728.7	208
3023.333	807.2	734.1	474
3026.667	802.8	732.0	497
3030.000	813.7	729.2	439
3033.333	820.8	737.6	1091
3036.667	817.2	735.5	3845
3040.000	808.3	737.7	7838
3043.333	768.4	727.3	12020
3046.667	717.5	732.2	14786
3050.000	655.5	719.8	15466
3053.333	586.6	714.5	13958
3056.667	546.0	697.5	11448
3060.000	524.0	694.8	8037
3063.333	509.4	668.2	4675
3066.667	496.1	666.0	2113
3070.000	498.2	663.2	484
3073.333	504.4	669.8	1097
3076.667	516.9	668.7	922
3080.000	513.4	678.3	987
3083.333	509.2	687.4	1809
3086.667	491.3	675.2	2346
3090.000	485.6	672.6	1768
3093.333	476.4	670.2	1068
3096.667	476.9	670.7	70
3100.000	490.4	667.2	367
3103.333	485.2	674.8	609
3106.667	485.6	673.1	528
3110.000	488.1	668.6	448
3113.333	488.6	675.2	353
3116.667	491.1	676.0	318
3120.000	488.4	679.3	229
3123.333	483.1	679.1	284
3126.667	489.6	674.6	411
3130.000	488.6	675.0	468
3133.333	481.3	675.3	466
3136.667	484.2	671.8	229
3140.000	486.5	669.9	153
3143.333	483.3	669.2	437
3146.667	486.0	675.8	143
3150.000	489.8	672.8	303
3153.333	490.2	667.0	178
3156.667	483.6	670.6	250
3160.000	484.6	662.5	513
3163.333	488.6	673.8	348
3166.667	481.7	672.9	390
3170.000	480.2	676.2	113
3173.333	488.6	669.5	349
3176.667	478.8	676.2	292
3180.000	491.9	663.8	50
3183.333	486.5	669.9	293
3186.667	483.5	673.3	165
3190.000	482.1	674.6	271
3193.333	480.4	665.4	156
3196.667	483.1	672.1	282
3200.000	488.8	670.5	307
3203.333	484.6	668.2	368
3206.667	483.8	668.5	117
3210.000	488.3	670.5	342
3213.333	487.9	673.8	148
3216.667	484.4	672.2	600
3220.000	481.7	674.9	635
3223.333	482.9	664.6	176
3226.667	474.2	661.3	402
3230.000	479.8	673.3	368
3233.333	488.1	676.5	501
3236.667	491.5	675.3	658
3240.000	481.2	668.6	482
3243.333	488.8	664.8	391
3246.667	490.9	668.2	37
3250.000	484.4	668.4	306
3253.333	484.6	670.1	271
3256.667	489.6	672.7	177
3260.000	489.2	669.7	1168
3263.333	492.5	669.7	3387
3266.667	479.4	670.5	6249
3270.000	457.7	690.9	8247
3273.333	413.2	701.4	8592
3276.667	369.2	711.2	7411
3280.000	350.0	712.8	5332
3283.333	351.9	710.5	2920
3286.667	349.2	716.7	1419
3290.000	343.3	712.7	773
3293.333	343.5	724.4	439
3296.667	333.7	713.8	159
3300.000	341.8	717.0	392
3303.333	346.6	711.5	417
3306.667	346.8	715.1	207
3310.000	345.4	711.0	521
3313.333	345.0	720.0	653
3316.667	337.5	715.1	520
3320.000	332.2	713.7	275
3323.333	338.9	714.5	536
3326.667	339.5	717.6	1114
3330.000	352.7	720.4	795
3333.333	348.5	719.9	280
3336.667	354.2	721.8	276
3340.000	341.8	717.6	547
3343.333	342.7	720.5	325
3346.667	340.2	715.5	167
3350.000	346.0	718.1	340
3353.333	347.1	716.1	195
3356.667	349.2	718.3	375
3360.000	344.6	723.4	219
3363.333	337.7	721.1	147
3366.667	346.0	722.7	287
3370.000	344.4	715.7	429
3373.333	350.4	713.6	195
3376.667	343.9	717.8	308
3380.000	341.2	715.5	95
3383.333	344.8	720.5	153
3386.667	346.0	709.8	309
3390.000	348.3	720.0	81
3393.333	350.6	714.3	94
3396.667	346.0	719.8	286
3400.000	338.5	716.9	168
3403.333	347.9	716.9	427
3406.667	348.5	719.7	563
3410.000	345.2	713.9	505
3413.333	358.8	710.0	440
3416.667	342.0	710.2	283
3420.000	346.0	710.5	174
3423.333	358.5	713.0	436
3426.667	347.7	712.2	306
3430.000	347.1	716.9	97
3433.333	343.3	712.2	211
3436.667	349.1	717.2	118
3440.000	353.9	710.7	394
3443.333	347.7	711.2	142
3446.667	344.8	712.9	287
3450.000	354.0	708.7	153
3453.333	342.9	712.7	360
3456.667	348.7	709.8	145
3460.000	357.9	709.2	276
3463.333	351.2	709.0	198
3466.667	345.6	711.5	250
3470.000	343.7	706.0	404
3473.333	348.9	708.5	70
3476.667	351.9	717.0	226
3480.000	345.4	711.2	207
3483.333	350.0	703.9	107
3486.667	345.8	718.2	425
3490.000	342.3	708.9	202
3493.333	353.1	708.9	532
3496.667	339.3	708.4	451
3500.000	343.9	710.7	181
3503.333	335.8	707.9	227
3506.667	342.9	708.7	310
3510.000	354.8	705.9	173
3513.333	337.3	707.1	253
3516.667	345.0	705.8	156
3520.000	338.9	707.4	308
3523.333	349.6	709.2	227
3526.667	341.0	706.4	241
3530.000	341.6	707.6	179
3533.333	345.8	707.9	543
3536.667	350.6	706.0	143
3540.000	338.9	703.9	211
3543.333	332.5	704.7	196
3546.667	348.1	714.0	304
3550.000	339.6	702.5	410
3553.333	344.4	709.3	288
3556.667	344.3	712.6	116
3560.000	342.5	707.8	193
3563.333	343.7	705.3	519
3566.667	346.2	709.0	525
3570.000	338.1	699.2	467
3573.333	343.9	702.1	563
3576.667	348.9	702.5	416
3580.000	352.1	704.3	344
3583.333	353.3	703.8	402
3586.667	345.0	699.7	373
3590.000	342.1	709.0	676
3593.333	340.0	705.8	384
3596.667	349.1	699.3	218
3600.000	335.8	708.4	423
3603.333	345.2	700.2	328
3606.667	351.2	704.4	244
3610.000	345.2	700.3	452
3613.333	347.3	703.8	132
3616.667	346.2	708.2	288
3620.000	348.5	696.0	719
3623.333	347.1	699.1	2345
3626.667	343.5	701.1	5185
3630.000	367.9	696.0	8787
3633.333	407.2	704.1	12055
3636.667	461.4	700.5	14180
3640.000	524.4	701.6	14037
3643.333	570.4	697.7	12978
3646.667	610.6	699.6	11207
3650.000	632.6	694.0	9512
3653.333	667.4	685.3	8181
3656.667	691.0	667.4	6656
3660.000	713.3	659.6	4951
3663.333	729.6	672.2	3269
3666.667	730.0	666.8	2217
3670.000	730.0	679.4	1667
3673.333	737.5	678.6	1341
3676.667	735.9	684.2	1624
3680.000	746.3	680.9	1120
3683.333	756.3	674.5	938
3686.667	759.2	678.6	629
3690.000	743.4	679.2	515
3693.333	755.1	671.4	632
3696.667	741.7	670.8	577
3700.000	747.1	673.5	372
3703.333	748.8	669.4	575
3706.667	744.4	673.1	1243
3710.000	759.6	676.3	1005
3713.333	761.1	673.6	602
3716.667	766.8	675.1	500
3720.000	760.7	670.8	161
3723.333	754.2	670.0	132
3726.667	760.1	668.3	145
3730.000	765.5	676.6	321
3733.333	763.0	669.4	532
3736.667	763.0	669.6	224
3740.000	763.4	667.8	306
3743.333	769.2	675.5	314
3746.667	764.2	671.9	242
3750.000	771.8	675.6	130
3753.333	759.6	673.4	454
3756.667	760.5	672.1	650
3760.000	767.8	672.4	527
3763.333	758.2	669.4	51
3766.667	752.6	666.9	227
3770.000	762.8	673.1	139
3773.333	761.7	675.3	247
3776.667	769.0	672.8	335
3780.000	761.7	668.8	27
3783.333	757.6	669.9	303
3786.667	765.7	675.2	410
3790.000	764.7	673.9	500
3793.333	764.5	681.8	222
3796.667	769.7	674.6	371
3800.000	767.8	670.7	107
3803.333	759.9	677.1	146
3806.667	779.1	679.0	257
3810.000	760.1	672.2	350
3813.333	764.0	677.4	407
3816.667	764.4	673.2	641
3820.000	761.1	680.2	208
3823.333	761.3	667.3	116
3826.667	761.5	672.4	258
3830.000	765.7	671.7	548
3833.333	765.9	678.9	500
3836.667	765.9	677.7	360
3840.000	764.0	686.4	124
3843.333	761.9	671.3	181
3846.667	765.5	681.3	420
3850.000	763.6	671.1	987
3853.333	762.8	681.2	2842
3856.667	778.9	683.6	6350
3860.000	783.4	685.4	10410
3863.333	831.2	683.5	14067
3866.667	909.9	693.8	16582
3870.000	971.9	670.2	17336
3873.333	1028.9	662.4	15871
3876.667	1081.3	649.1	14043
3880.000	1111.7	648.9	13202
3883.333	1144.7	625.5	12912
3886.667	1188.9	614.1	13315
3890.000	1240.9	603.9	14145
3893.333	1285.2	601.6	14388
3896.667	1338.2	599.3	13693
3900.000	1384.5	597.6	12313
3903.333	1427.3	594.6	10131
3906.667	1456.3	590.1	6644
3910.000	1479.7	593.8	3071
3913.333	1481.5	586.8	343
3916.667	1461.9	587.2	1219
3920.000	1448.1	593.2	951
3923.333	1446.9	587.8	456
3926.667	1452.1	584.8	2022
3930.000	1474.8	594.2	2864
3933.333	1485.7	586.0	2319
3936.667	1490.1	583.7	1168
3940.000	1494.9	575.6	264
3943.333	1484.5	586.4	898
3946.667	1478.8	591.7	1074
3950.000	1473.0	588.9	904
3953.333	1474.8	580.7	162
3956.667	1474.0	579.9	206
3960.000	1475.7	589.1	54
3963.333	1482.2	588.2	317
3966.667	1469.0	584.0	64
3970.000	1472.4	583.7	268
3973.333	1486.3	585.3	421
3976.667	1468.4	584.8	452
3980.000	1474.2	584.3	519
3983.333	1479.0	574.6	784
3986.667	1475.7	578.2	586
3990.000	1470.3	576.7	480
3993.333	1469.6	573.4	354
3996.667	1470.9	573.5	548
4000.000	1472.6	574.7	777
4003.333	1470.5	581.9	718
4006.667	1464.0	587.7	402
4010.000	1471.7	588.4	319
4013.333	1464.6	580.2	748
4016.667	1474.6	580.1	884
4020.000	1477.8	572.6	796
4023.333	1474.4	576.2	796
4026.667	1467.1	572.5	796
4030.000	1485.5	575.4	796
